1 -0.705 1.481 -2.886 3.2215 -1.0318 355 1.0607 2.7
2 -2.39 -1.65 -3.126 3.2651 -1.0317 355 1.0607 2.7
3 2.145 6.218 -1.932 2.4883 -1.0316 355 1.0607 2.7
4 2.325 6.127 -1.482 3.1372 -1.1957 355 1.0607 2.7
5 -0.895 1.847 -3.644 5.8294 -1.1982 355 1.0607 2.7
6 -0.555 4.613 -5.719 2.607 -1.0792 355 1.0607 2.7
7 3.425 5.532 1.32 5.4238 -1.0336 355 1.0607 2.7
8 2.5 4.888 0.107 5.5015 -1.1313 355 1.0607 2.7
9 0.62 2.552 -1.311 1.7513 -1.1375 355 1.0607 2.7
10 -1.18 0.068 -2.431 0.1454 -1.1319 355 1.0607 2.7
11 -3.09 -0.787 -5.394 0.5733 -1.1432 355 1.0607 2.7
12 -3.705 -1.704 -5.713 0.6119 -1.1432 355 1.0607 2.7
13 -0.26 1.648 -2.169 0.3311 -1.1432 355 1.0607 2.7
14 1.775 6.295 -2.75 5.6611 -1.1452 355 1.0607 2.7
15 -3.58 -1.27 -5.888 2.0159 -1.1431 355 1.0607 2.7
16 -0.895 3.357 -5.146 3.6743 -1.1448 355 1.0607 2.7
17 0.065 4.851 -4.723 7.2508 -1.1465 355 1.0607 2.7
18 -2.11 1.053 -5.27 3.8961 -1.1431 355 1.0607 2.7
19 -3.305 -1.27 -5.337 1.994 -1.1431 355 1.0607 2.7
20 -0.62 4.544 -5.785 5.6702 -1.1659 355 1.0607 2.7
21 2.375 5.218 -0.468 4.5408 -1.1653 355 1.0607 2.7
22 0.115 4.174 -3.942 4.9128 -1.1651 355 1.0607 2.7
23 -4.375 -3.053 -5.696 1.7146 -1.1651 355 1.0607 2.7
24 -4.465 -2.927 -5.996 0.5949 -1.1651 355 1.0607 2.7
25 0.3 5.196 -4.599 5.0115 -1.165 355 1.0607 2.7
26 -3.005 0.018 -6.026 5.0213 -1.1644 355 1.0607 2.7
27 -2.295 2.714 -7.3 7.9634 -1.164 355 1.0607 2.7
28 -2.895 2.972 -8.76 8.1233 -1.1634 355 1.0607 2.7
29 -7.02 -0.669 -13.37 7.6105 -1.1627 355 1.0607 2.7
30 -6.8 -4.693 -8.91 1.516 -1.1627 355 1.0607 2.7
31 0.205 6.679 -6.267 5.0987 -1.1619 355 1.0607 2.7
32 6.24 10.28 2.205 6.4414 -1.0163 355 1.0607 2.7
33 4.56 8.62 0.501 8.2538 -1.1612 355 1.0607 2.7
34 -0.755 0.563 -2.07 1.8557 -1.1612 355 1.0607 2.7
35 0.735 3.927 -2.458 4.0238 -1.161 355 1.0607 2.7
36 0.07 1.039 -0.904 2.0366 -1.161 355 1.0607 2.7
37 1.13 5.833 -3.574 5.4799 -1.1605 355 1.0607 2.7
38 3.935 9.08 -1.213 5.1668 -1.1594 355 1.0607 2.7
39 5.855 8.89 2.817 5.0483 -1.1578 355 1.0607 2.7
40 3.015 7.14 -1.114 7.2055 -1.1559 355 1.0607 2.7
41 -0.805 1.274 -2.882 3.9225 -1.1558 355 1.0607 2.7
42 0.575 2.357 -1.211 2.5313 -1.1557 355 1.0607 2.7
43 -0.595 1.496 -2.687 4.1999 -1.1555 355 1.0607 2.7
44 -1.625 -0.109 -3.137 0.5404 -1.1555 355 1.0607 2.7
45 -0.745 1.729 -3.22 2.2855 -1.1555 355 1.0607 2.7
46 0.34 2.919 -2.237 4.6394 -1.1551 355 1.0607 2.7
47 -1.94 -0.691 -3.187 3.0164 -1.1551 355 1.0607 2.7
48 1.87 6.316 -2.584 9.393 -1.1529 355 1.0607 2.7
49 2.115 8.02 -3.788 10.6574 -1.1493 355 1.0607 2.7
50 -0.645 5.201 -6.495 10.456 -1.1468 355 1.0607 2.7
51 -2.09 -0.068 -4.112 1.5917 -1.1468 355 1.0607 2.7
52 3.86 7.76 -0.039 6.0939 -1.1457 355 1.0607 2.7
53 3.155 7.35 -1.039 4.674 -1.1449 355 1.0607 2.7
54 -0.225 1.827 -2.275 10.9874 -1.1431 355 1.0607 2.7
55 -0.64 2.385 -3.661 12.0301 -1.1405 355 1.0607 2.7
56 -0.78 3.552 -5.108 4.7879 -1.1398 355 1.0607 2.7
57 1.96 4.43 -0.509 2.592 -1.1398 355 1.0607 2.7
58 4.595 8.84 0.348 7.5104 -1.1385 355 1.0607 2.7
59 1.765 3.889 -0.362 5.7236 -1.1376 355 1.0607 2.7
60 1.11 3.723 -1.502 11.1627 -1.1358 355 1.0607 2.7
61 0.08 5.965 -5.814 7.0562 -1.1341 355 1.0607 2.7
62 2.85 5.787 -0.085 7.0348 -1.1329 355 1.0607 2.7
63 3.825 8.56 -0.912 9.8141 -1.1307 355 1.0607 2.7
64 3.05 7.11 -1.008 4.0226 -1.1472 355 1.0607 2.7
65 -1.87 -0.8 -2.936 4.1041 -1.1767 355 1.0607 2.7
66 -1.46 0.994 -3.915 14.4828 -1.1444 355 1.0607 2.7
67 -1.115 3.668 -5.899 8.2755 -1.1395 355 1.0607 2.7
68 0.535 2.323 -1.255 3.9003 -1.1393 355 1.0607 2.7
69 0.97 4.332 -2.387 9.8519 -1.1375 355 1.0607 2.7
70 1.375 6.274 -3.523 8.5783 -1.1361 355 1.0607 2.7
71 0.225 2.87 -2.425 11.3642 -1.1341 355 1.0607 2.7
72 2.445 8.68 -3.785 13.5419 -1.1298 355 1.0609 2.7
73 5.155 11.06 -0.746 9.3727 -1.1266 355 1.0611 2.7
74 2.505 5.682 -0.669 16.3181 -1.1221 355 1.0612 2.7
75 2.48 9.08 -4.121 11.7006 -1.119 355 1.0614 2.7
76 1.67 5.758 -2.423 13.31 -1.1171 355 1.0616 2.7
77 0.235 2.692 -2.223 15.5754 -1.1146 355 1.0617 2.7
78 4.215 8.4 0.025 7.9901 -1.1129 355 1.0619 2.7
79 -1.82 -0.253 -3.387 9.5313 -1.1122 355 1.0621 2.7
80 0.71 8.41 -6.989 16.4882 -1.1067 355 1.0622 2.7
81 7.675 15.07 0.281 17.6974 -1.0951 355 1.0624 2.7
82 6.36 13.35 -0.633 11.3387 -1.0909 355 1.0625 2.7
83 0.89 4.781 -3.004 17.4978 -1.0868 355 1.0627 2.7
84 3.86 12.41 -4.694 16.7824 -1.0795 355 1.0629 2.7
85 5.05 10.47 -0.369 15.941 -1.0736 355 1.063 2.7
86 6.85 14 -0.301 18.3702 -1.0923 355 1.0632 2.7
87 2.23 6.116 -1.656 11.8428 -1.0897 355 1.0634 2.7
88 0.495 3.079 -2.094 13.7647 -1.0872 355 1.0635 2.7
89 2.53 7.23 -2.174 16.1169 -1.082 355 1.0637 2.7
90 3.875 11.08 -3.329 17.945 -1.0733 355 1.0639 2.7
91 7.445 14.32 0.574 18.7936 -1.06 355 1.064 2.7
92 12.765 19.88 5.651 19.1121 -1.0393 355 1.0642 2.7
93 12.27 17.86 6.676 19.5755 -1.0214 355 1.0644 2.7
94 13.445 22.07 4.822 19.6095 -1.0001 355 1.0645 2.7
95 6.945 11.15 2.741 13.5754 -0.9958 355 1.0647 2.7
96 3.975 8.8 -0.853 15.3116 -0.9814 355 1.0649 2.7
97 2.725 4.678 0.775 16.7225 -0.9781 355 1.065 2.7
98 5.78 13.72 -2.158 19.8228 -0.9665 355 1.0652 2.7
99 7.485 13.96 1.009 11.6113 -0.9612 355 1.0654 2.7
100 7.485 10.58 4.389 19.6281 -0.9533 355 1.0655 2.7
101 10.765 19.03 2.497 20.1756 -1.0326 355 1.0657 2.7
102 13.505 21.56 5.45 17.9767 -0.983 355 1.0659 2.7
103 13.695 19.66 7.73 12.9604 -1.0304 355 1.066 2.7
104 5.705 7.98 3.43 8.5568 -1.0262 355 1.0662 2.7
105 5.685 8.65 2.717 16.3415 -1.0121 355 1.0664 2.7
106 5.575 8.19 2.959 11.1947 -1.0993 355 1.0665 2.7
107 6.09 8.89 3.285 7.7829 -1.0682 355 1.0667 2.7
108 8.57 13.24 3.904 10.879 -1.027 355 1.0669 2.7
109 6.48 9.5 3.46 14.6403 -1.0224 355 1.067 2.7
110 6.835 12.25 1.423 19.8465 -0.9987 355 1.067 2.7
111 8.905 14.12 3.688 13.4666 -0.9849 355 1.067 2.7
112 10.675 17.25 4.097 16.8034 -0.9637 355 1.067 2.7
113 3.565 6.126 1 19.0936 -0.9561 355 1.067 2.7
114 2.1 6.191 -1.985 18.8499 -1.0457 355 1.067 2.7
115 2 9.59 -5.595 14.1849 -0.9479 355 1.067 2.7
116 3.47 6.798 0.135 15.1506 -1.0413 355 1.067 2.7
117 7.595 16.07 -0.879 20.0413 -0.9279 355 1.067 2.7
118 6.895 13.91 -0.119 10.3459 -1.0329 355 1.067 2.7
119 1.895 4.852 -1.061 15.847 -1.031 355 1.067 2.7
120 5.735 14.53 -3.061 21.8676 -0.9044 355 1.067 2.7
121 11.68 20.27 3.094 22.101 -0.8808 355 1.067 2.7
122 11.165 16.85 5.484 15.9077 -0.8738 355 1.067 2.7
123 11.325 16.97 5.678 17.7042 -0.8558 355 1.067 2.7
124 6.995 11.55 2.441 15.6873 -0.8514 355 1.067 2.7
125 4.87 8.82 0.922 17.6741 -0.8462 355 1.067 2.7
126 4.01 7.13 0.886 22.3545 -0.841 355 1.067 2.7
127 4.95 12.23 -2.328 18.6015 -0.8338 355 1.067 2.7
128 6.205 11.68 0.733 13.5972 -0.8398 355 1.067 2.7
129 7.225 10.04 4.413 12.4325 -0.8418 355 1.067 2.7
130 3.51 7.09 -0.074 16.6775 -0.9779 355 1.067 2.7
131 0.225 2.41 -1.956 16.073 -0.8764 355 1.067 2.7
132 1.4 3.972 -1.166 19.9892 -0.9749 355 1.067 2.7
133 5.1 12.14 -1.939 16.5117 -0.9161 355 1.067 2.7
134 7.29 12.32 2.258 9.1275 -0.9067 355 1.067 2.7
135 9.985 15.57 4.399 14.4169 -0.9082 355 1.067 2.7
136 11.19 17.23 5.153 20.4724 -0.8752 355 1.067 2.7
137 10.18 14.3 6.059 23.5786 -0.8591 355 1.067 2.7
138 7.605 11.46 3.754 23.1967 -0.8464 355 1.067 2.7
139 12.345 19.73 4.961 23.8688 -0.8212 355 1.0641 2.7
140 13.83 17.66 10 22.9972 -0.8043 355 1.0613 2.7
141 16.675 22.95 10.4 24.2882 -0.7775 355 1.0584 2.7
142 17.875 23.98 11.77 22.5312 -0.7563 355 1.0556 2.7
143 15.265 19.07 11.46 24.3875 -0.7417 355 1.0529 2.7
144 11.9 15.51 8.29 20.335 -0.7359 355 1.0502 2.7
145 12.46 16.17 8.75 23.5847 -0.7305 355 1.0477 2.7
146 10.56 13.86 7.26 15.6325 -0.7307 355 1.0455 2.7
147 11.415 15.68 7.15 14.0362 -0.7354 355 1.0438 2.7
148 10.495 13.75 7.24 16.8268 -0.7398 355 1.0419 2.7
149 8.04 11.59 4.49 21.7832 -0.7529 355 1.0411 2.7
150 6.4 11.01 1.795 20.5614 -0.7674 355 1.0407 2.7
151 4.22 6.771 1.666 18.5711 -0.7758 355 1.0395 2.7
152 7.375 13.63 1.124 22.3225 -0.7884 355 1.0394 2.7
153 11.455 20.11 2.795 25.7166 -0.7987 355 1.0403 2.7
154 14.075 21.67 6.478 20.7585 -0.7977 355 1.0401 2.7
155 15.73 24.5 6.963 23.4787 -0.7876 355 1.0388 2.7
156 19.27 26.61 11.93 23.7265 -0.7727 355 1.0367 2.7
157 12.895 16.66 9.13 23.6288 -0.7639 355 1.0341 2.7
158 12.56 18.08 7.04 14.0016 -0.7582 355 1.0317 2.7
159 11.785 16.12 7.45 12.4188 -0.7477 355 1.0279 2.7
160 7.695 10.55 4.835 16.4906 -0.6986 355 1.0178 2.7
161 7.065 10.46 3.675 16.9643 -0.6351 355 1.0068 2.7
162 5.29 8.98 1.599 20.6938 -0.6397 355 1.0053 2.7
163 7.615 12.47 2.756 11.3839 -0.6822 355 1.0089 2.7
164 10.315 12.46 8.17 19.4224 -0.6275 355 0.9991 2.7
165 15 23.01 6.992 26.0771 -0.72 355 1.012 2.7
166 18.475 23.87 13.08 26.5652 -0.7385 355 1.016 2.7
167 15.285 21.81 8.76 26.3178 -0.7519 355 1.0196 2.7
168 12.305 19.8 4.808 26.1444 -0.7621 355 1.0228 2.7
169 16.365 24.96 7.77 25.9531 -0.7662 355 1.0264 2.7
170 13.375 17.32 9.43 15.3516 -0.7647 355 1.0263 2.7
171 12.835 19.18 6.489 26.3545 -0.76 355 1.0267 2.7
172 16.695 26.8 6.592 26.0118 -0.7524 355 1.0276 2.7
173 18.9 24.62 13.18 26.0955 -0.7474 355 1.0295 2.7
174 17.125 22.82 11.43 25.559 -0.75 355 1.0339 2.7
175 16.075 22.52 9.63 25.4404 -0.7609 355 1.0425 2.7
176 15.75 22.08 9.42 26.2373 -0.771 355 1.0515 2.7
177 14.835 22.46 7.21 26.0432 -0.7752 355 1.0592 2.7
178 17.88 25.1 10.66 25.8733 -0.7723 355 1.0656 2.7
179 20.38 27.34 13.42 25.5558 -0.7643 355 1.0704 2.7
180 21.205 28 14.41 25.4275 -0.7551 355 1.0752 2.7
181 21.105 28.76 13.45 25.6934 -0.7514 355 1.0837 2.7
182 16.685 21.31 12.06 24.4996 -0.7566 355 1.0959 2.7
183 13.245 18.92 7.57 25.149 -0.7651 355 1.1098 2.7
184 11.29 16.94 5.645 25.3768 -0.7727 355 1.1235 2.7
185 8.025 11.12 4.934 19.3944 -0.7751 355 1.1279 2.7
186 8.16 11.3 5.017 12.9861 -0.7764 355 1.1297 2.7
187 9.935 14.35 5.522 11.9057 -0.7775 355 1.1324 2.7
188 13.83 18.89 8.77 16.5147 -0.7784 355 1.1392 2.7
189 15.16 22.43 7.89 15.7553 -0.7776 355 1.1457 2.7
190 15.31 20.62 10 22.9348 -0.7743 355 1.1532 2.7
191 15.275 20.8 9.75 25.152 -0.7686 355 1.1602 2.7
192 16.115 23.63 8.6 25.1371 -0.7615 355 1.167 2.7
193 18.25 26.4 10.1 24.9087 -0.7543 355 1.1755 2.7
194 19.08 25.92 12.24 24.5905 -0.7503 355 1.1899 2.7
195 17.795 22.53 13.06 23.1685 -0.753 355 1.2109 2.7
196 14.66 20.24 9.08 24.5073 -0.7602 355 1.2369 2.7
197 13.405 22.37 4.44 23.7236 -0.769 355 1.2682 2.7
198 18.05 26.19 9.91 20.6411 -0.776 355 1.3036 2.7
199 19.425 24.63 14.22 10.0542 -0.7775 355 1.3167 2.7
200 18.675 24.88 12.47 23.7738 -0.7775 355 1.3411 2.7
201 19.35 26.64 12.06 24.5711 -0.7738 355 1.363 2.7
202 20.315 28.53 12.1 24.4932 -0.7677 355 1.3821 2.7
203 21.95 29.47 14.43 21.8516 -0.7616 355 1.3987 2.7
204 14.08 18.96 9.2 23.4271 -0.7576 355 1.4119 2.7
205 15.85 25.11 6.587 24.2342 -0.7547 355 1.4333 2.7
206 19.32 27.61 11.03 24.2367 -0.7558 355 1.47 2.7
207 17.315 22.38 12.25 24.1896 -0.7619 355 1.5204 2.7
208 16.035 21.99 10.08 23.0543 -0.7696 355 1.5742 2.7
209 18.46 25.41 11.51 24.1085 -0.7781 355 1.6407 2.7
210 19.83 27.13 12.53 23.2565 -0.784 355 1.7031 2.7
211 21.665 30.98 12.35 23.6967 -0.7879 355 1.7655 2.7
212 23.73 30.92 16.54 22.1924 -0.7908 355 1.8303 2.7
213 22.525 27.9 17.15 23.4144 -0.7941 355 1.901 2.7
214 20.7 29.55 11.85 23.3925 -0.7983 355 1.9782 2.7
215 22.485 30.04 14.93 23.3125 -0.8041 355 2.0731 2.7
216 21.145 27.84 14.45 23.197 -0.8096 355 2.167 2.7
217 21.87 27.79 15.95 23.0588 -0.8144 355 2.2626 2.7
218 21.39 28.59 14.19 23.0337 -0.8176 355 2.3511 2.7
219 21.775 27.47 16.08 22.7762 -0.8192 355 2.43 2.7
220 22.475 29.05 15.9 23.0036 -0.8194 355 2.5052 2.7
221 23.925 31 16.85 21.6605 -0.8181 355 2.5838 2.7
222 21.84 25.63 18.05 20.0889 -0.8159 355 2.6511 2.7
223 16.915 22.13 11.7 19.7655 -0.8135 355 2.7065 2.7
224 16.095 23.11 9.08 22.4691 -0.8109 355 2.7624 2.7
225 17.345 23.62 11.07 21.3168 -0.8083 355 2.8215 2.7
226 15.795 20.88 10.71 22.2077 -0.8061 355 2.8835 2.7
227 15.385 23.35 7.42 21.313 -0.8043 355 2.9498 2.7
228 16.235 22.52 9.95 21.8769 -0.803 355 3.0266 2.7
229 16.75 25.57 7.93 21.6099 -0.8025 355 3.1133 2.7
230 16.76 22.47 11.05 21.3887 -0.8026 355 3.1868 2.7
231 13.035 16.87 9.2 15.5137 -0.8032 355 3.2442 2.7
232 11.33 15.37 7.29 22.0132 -0.8042 355 3.319 2.7
233 11.76 20.11 3.412 21.8755 -0.8053 355 3.3974 2.7
234 13.89 22.52 5.261 21.2196 -0.8065 355 3.4814 2.7
235 18.255 27.25 9.26 20.3296 -0.8076 355 3.5767 2.7
236 22.17 29.26 15.08 19.3365 -0.8081 355 3.6605 2.7
237 20.835 25.79 15.88 20.4034 -0.8081 355 3.7336 2.7
238 18.685 24.5 12.87 20.5722 -0.8077 355 3.7492 2.7
239 15.765 20.86 10.67 20.5633 -0.8068 355 3.8105 2.7
240 13.525 20.6 6.454 20.3997 -0.8054 355 3.8644 2.7
241 12.695 20.92 4.467 20.2576 -0.8037 355 3.9154 2.7
242 17.125 24.39 9.86 19.6455 -0.8015 355 3.9653 2.7
243 15.23 21.91 8.55 17.9617 -0.7992 355 4.0035 2.7
244 11.585 14.94 8.23 16.8694 -0.7969 355 4.0313 2.7
245 9.435 13.09 5.775 11.3549 -0.7948 355 4.0501 2.7
246 7.135 10.38 3.894 12.9207 -0.7927 355 4.0624 2.7
247 7.415 11.38 3.454 9.7952 -0.791 355 4.0665 2.7
248 8.19 14.44 1.938 13.101 -0.7884 355 4.0906 2.7
249 10.24 14.01 6.468 17.3309 -0.7855 355 4.1164 2.7
250 13.885 20.83 6.944 17.2761 -0.7823 355 4.1417 2.7
251 14.635 21.65 7.62 17.7574 -0.7788 355 4.1678 2.7
252 9.11 12.71 5.508 13.4636 -0.776 355 4.1821 2.7
253 10.215 17.21 3.219 17.5871 -0.7726 355 4.2008 2.7
254 13.26 16.29 10.23 12.2342 -0.7701 355 4.2086 2.7
255 17.33 24.82 9.84 17.3927 -0.7664 355 4.2269 2.7
256 19.215 26 12.43 17.5051 -0.7624 355 4.2457 2.7
257 21.075 29.11 13.04 15.6698 -0.7577 355 4.2698 2.7
258 21.665 29.72 13.61 16.4352 -0.7538 355 4.2851 2.7
259 16.675 20.62 12.73 14.9759 -0.7502 355 4.2962 2.7
260 15.365 21.44 9.29 12.4839 -0.7471 355 4.303 2.7
261 17.975 26.19 9.76 17.1274 -0.743 355 4.3183 2.7
262 21.23 27.94 14.52 16.3014 -0.739 355 4.3328 2.7
263 17.59 22.85 12.33 15.9254 -0.7352 355 4.3464 2.7
264 16.5 23.82 9.18 16.6828 -0.7315 355 4.3601 2.7
265 8.795 14.35 3.241 10.4288 -0.7291 355 4.3619 2.7
266 1.67 6.431 -3.093 15.3549 -0.7264 355 4.3665 2.7
267 4.185 13.42 -5.054 16.1498 -0.7232 355 4.378 2.7
268 8.58 16.96 0.197 14.8434 -0.7199 355 4.3935 2.7
269 11.695 19.71 3.678 14.7297 -0.7166 355 4.412 2.7
270 14.48 23.46 5.502 15.3771 -0.7132 355 4.436 2.7
271 15.875 24.71 7.04 15.0834 -0.7099 355 4.463 2.7
272 17.035 22.68 11.39 13.958 -0.7071 355 4.4882 2.7
273 15.14 18.67 11.61 4.3794 -0.7048 355 4.5069 2.7
274 15.455 17.19 13.72 9.6676 -0.7028 355 4.5242 2.7
275 11.875 15.61 8.14 12.2055 -0.7006 355 4.5823 2.7
276 8.64 15.19 2.089 13.7613 -0.6987 355 4.6404 2.7
277 7.5 14.66 0.34 13.6855 -0.6968 355 4.7034 2.7
278 8.475 15.07 1.88 13.5435 -0.695 355 4.7732 2.7
279 7.735 13.3 2.174 13.3933 -0.6933 355 4.845 2.7
280 7.225 14.77 -0.318 13.1056 -0.6917 355 4.9181 2.7
281 10.56 19.71 1.407 12.7565 -0.6902 355 4.9993 2.7
282 15.515 22.44 8.59 12.467 -0.6886 355 5.0915 2.7
283 9.18 12 6.365 1.6786 -0.6864 355 5.0449 2.7
284 5.16 6.468 3.849 3.5948 -0.351 355 1.0075 2.7
285 7.325 10.26 4.385 3.0994 -0.4328 355 0.9227 2.7
286 7.27 9.32 5.217 11.234 -0.4044 355 0.9254 2.7
287 7.565 9.91 5.221 7.063 -0.3859 355 0.9302 2.7
288 7.31 11.19 3.43 9.6859 -0.3585 355 0.9605 2.7
289 6.9 11.57 2.229 9.3868 -0.3508 355 1.0478 2.7
290 11.725 19.12 4.332 10.7538 -0.4842 355 2.2153 2.7
291 13.45 19.21 7.69 9.2694 -0.6461 355 4.36 2.7
292 9.545 11.51 7.58 6.4726 -0.6436 355 4.3628 2.7
293 10.345 15.76 4.928 8.5821 -0.669 355 4.9593 2.7
294 8.585 15.44 1.726 4.2617 -0.456 355 0.922 2.7
295 2.25 6.185 -1.679 10.6104 -0.6909 355 0.9224 2.7
296 3.02 8.57 -2.526 9.9006 -0.6849 355 0.9248 2.7
297 5.22 12.04 -1.598 9.8198 -0.3797 355 0.9329 2.7
298 8.3 16.05 0.547 8.9205 -0.351 355 0.994 2.7
299 6.875 9.61 4.139 4.24 -0.6848 355 0.9948 2.7
300 5.71 7.95 3.473 3.5211 -0.6848 355 0.9507 2.7
301 7.555 11.99 3.115 8.2182 -0.3519 355 1.1086 2.7
302 4.7 8.62 0.779 8.9148 -0.5196 355 0.9215 2.7
303 4.345 7.12 1.567 3.9836 -0.6848 355 0.9215 2.7
304 4.165 8.38 -0.046 5.7797 -0.6848 355 0.9215 2.7
305 4.305 7.44 1.168 6.8991 -0.4894 355 0.9216 2.7
306 4.515 7.79 1.239 4.4041 -0.6907 355 0.9217 2.7
307 5.735 9.68 1.788 4.4945 -0.6848 355 0.9217 2.7
308 9.535 13.83 5.237 8.4979 -0.4529 355 0.9221 2.7
309 5.84 10.13 1.554 4.1241 -0.4622 355 0.9219 2.7
310 3.46 5.537 1.376 5.6889 -0.4425 355 0.9224 2.7
311 2.56 5.304 -0.183 4.7967 -0.6907 355 0.9228 2.7
312 1.105 3.791 -1.579 2.7208 -0.6907 355 0.9216 2.7
313 1.505 4.516 -1.511 3.6802 -0.6907 355 0.9214 2.7
314 -0.645 1.499 -2.79 3.2328 -0.6906 355 0.9214 2.7
315 -4.955 -2.699 -7.21 0.979 -0.6972 355 0.9214 2.7
316 -5.405 0.263 -11.07 5.444 -0.6969 355 0.9214 2.7
317 -0.38 3.274 -4.028 5.9117 -0.7037 355 0.9214 2.7
318 -4.21 -2.569 -5.852 3.5606 -0.7037 355 0.9214 2.7
319 -4.53 -3.715 -5.349 1.7162 -0.7037 355 0.9214 2.7
320 -1.425 2.812 -5.656 5.1404 -0.6959 355 0.9214 2.7
321 -1.46 4.15 -7.07 6.7248 -0.6954 355 0.9214 2.7
322 -5.965 -4.995 -6.941 1.0919 -0.6954 355 0.9214 2.7
323 -2.28 4.315 -8.88 6.5584 -0.6949 355 0.9214 2.7
324 -5.275 -0.281 -10.27 4.1295 -0.6948 355 0.9214 2.7
325 -6.05 -1.563 -10.54 5.2069 -0.6947 355 0.9214 2.7
326 -4.115 -0.402 -7.83 5.192 -0.6945 355 0.9214 2.7
327 -3.095 4.135 -10.33 6.2436 -0.6941 355 0.9214 2.7
328 1.535 6.305 -3.23 2.2618 -0.6939 355 0.9214 2.7
329 1.625 4.629 -1.375 4.738 -0.6938 355 0.9214 2.7
330 2.965 8.01 -2.077 4.8825 -0.9389 355 0.9214 2.7
331 3.895 5.948 1.844 3.3358 -0.9265 355 0.9214 2.7
332 -0.105 3.406 -3.621 6.1995 -0.6866 355 0.9214 2.7
333 -0.925 2.91 -4.765 4.076 -0.6936 355 0.9214 2.7
334 -0.395 3.424 -4.208 1.2612 -0.6936 355 0.9148 2.7
335 3.845 6.794 0.902 5.4385 -0.6936 355 0.9141 2.7
336 1.69 5.745 -2.36 4.6197 -0.6935 355 0.9141 2.7
337 4.285 8.2 0.37 3.6303 -0.6935 355 0.9141 2.7
338 0.43 2.815 -1.957 3.4318 -0.6935 355 0.9141 2.7
339 -2.01 -1.085 -2.935 1.6925 -0.6935 355 0.9141 2.7
340 -2.47 -0.501 -4.443 1.7861 -0.7011 355 0.9141 2.7
341 2.01 8.76 -4.737 5.1837 -0.9821 355 0.9141 2.7
342 2.12 9.18 -4.942 2.2964 -0.7011 355 0.9141 2.7
343 0.24 6.609 -6.126 2.1776 -0.9777 355 0.9141 2.7
344 0.765 3.201 -1.672 5.068 -0.701 355 0.9141 2.7
345 -1.19 0.52 -2.9 4.7098 -0.7009 355 0.9141 2.7
346 -7.165 -2.748 -11.58 1.2259 -0.7009 355 0.9141 2.7
347 -7.875 -4.165 -11.59 0.8168 -0.7094 355 0.9141 2.7
348 -4.275 -0.752 -7.8 0.2797 -0.7194 355 0.9141 2.7
349 0.535 4.004 -2.935 1.6317 -0.7194 355 0.9126 2.7
350 -0.7 0.45 -1.854 2.6312 -0.7194 355 0.9126 2.7
351 3.97 9.55 -1.611 3.4644 -0.7187 355 0.9126 2.7
352 -2.695 1.399 -6.793 4.1376 -0.7083 355 0.9126 2.7
353 -2.135 3.028 -7.3 4.5904 -0.708 355 0.9126 2.7
354 3.32 7.9 -1.26 3.5522 -0.7076 355 0.9126 2.7
355 -0.605 0.776 -1.993 1.542 -0.7076 355 0.9126 2.7
356 -1.87 1.679 -5.424 0.8791 -0.7076 355 0.9126 2.7
357 1.98 3.982 -0.018 5.1942 -0.7072 355 0.9126 2.7
358 1.585 3.574 -0.402 1.881 -0.7072 355 0.9126 2.7
359 0.21 3.93 -3.511 4.1683 -0.7069 355 0.9126 2.7
360 -0.655 3.661 -4.965 4.5626 -0.7066 355 0.9126 2.7
361 1.545 5.441 -2.345 3.6357 -0.7061 355 0.9126 2.7
362 4.81 9.6 0.019 3.9944 -0.6964 355 0.9126 2.7
363 -0.95 2.817 -4.717 5.1789 -0.696 355 0.9126 2.7
364 -1.955 3.752 -7.66 3.688 -0.6958 355 0.9126 2.7
365 3.44 9.41 -2.527 5.4844 -0.6947 355 0.9126 2.7
366 1.005 6.66 -4.65 5.7233 -0.6947 355 0.9126 2.7
1 3.805 9.15 -1.54 5.7413 -1.1309 358 0.8979 2.7
2 3.61 9.67 -2.449 4.2078 -1.1301 358 0.8979 2.7
3 4.105 10.58 -2.369 3.247 -1.0156 358 0.8979 2.7
4 8.855 13.97 3.74 4.7715 -1.0007 358 0.8979 2.7
5 6.41 12.5 0.321 4.6784 -1.0643 358 0.8979 2.7
6 2.8 7.11 -1.513 5.0951 -1.1278 358 0.8979 2.7
7 -1.6 -0.21 -2.988 2.7685 -1.1277 358 0.8979 2.7
8 0.515 4.043 -3.012 2.5015 -1.1276 358 0.8979 2.7
9 -1.045 2.433 -4.521 2.6378 -1.1274 358 0.8979 2.7
10 -0.515 2.062 -3.089 2.3787 -1.1411 358 0.8979 2.7
11 -1.545 0.287 -3.384 0.9392 -1.1411 358 0.8979 2.7
12 1.29 3.245 -0.66 4.7273 -1.1402 358 0.8979 2.7
13 -0.515 1.073 -2.096 2.8644 -1.1397 358 0.8979 2.7
14 -0.64 1.101 -2.379 4.8183 -1.1389 358 0.8979 2.7
15 -4.545 -1.95 -7.14 1.908 -1.1388 358 0.8979 2.7
16 -3.285 1.897 -8.47 6.5508 -1.1373 358 0.8979 2.7
17 -3.41 1.663 -8.48 3.648 -1.1367 358 0.8979 2.7
18 1.76 4.742 -1.22 2.4811 -1.1246 358 0.8979 2.7
19 0.995 3.997 -2.009 6.6912 -1.1226 358 0.8979 2.7
20 -0.19 3.639 -4.022 3.9854 -1.1217 358 0.8979 2.7
21 2.1 6.994 -2.793 2.4203 -1.1212 358 0.8979 2.7
22 -0.345 2.611 -3.297 2.6952 -1.1211 358 0.8979 2.7
23 -3.635 -3.136 -4.13 1.069 -1.1211 358 0.8979 2.7
24 -2.015 0.377 -4.409 2.18 -1.121 358 0.8979 2.7
25 -3.375 -0.825 -5.926 1.9346 -1.1209 358 0.8979 2.7
26 -2.985 -2.025 -3.936 0.8571 -1.1209 358 0.8979 2.7
27 -2.58 -0.406 -4.751 4.0604 -1.1207 358 0.8979 2.7
28 -1.865 3.974 -7.7 5.6031 -1.1202 358 0.8979 2.7
29 0.46 3.831 -2.907 4.7076 -1.0058 358 0.8979 2.7
30 -1.035 1.332 -3.403 3.516 -1.0054 358 0.8979 2.7
31 1.955 7.73 -3.819 7.2391 -1.0029 358 0.8979 2.7
32 2.895 7.07 -1.284 5.3505 -1.0014 358 0.8979 2.7
33 3.515 6.237 0.792 5.5617 -1.0006 358 0.8979 2.7
34 2.59 5.489 -0.314 4.2258 -1.0599 358 0.8979 2.7
35 5.735 8.56 2.915 7.5099 -1.0232 358 0.8979 2.7
36 0.025 3.513 -3.462 8.9309 -1.13 358 0.8979 2.7
37 -3.85 -1.966 -5.73 2.9691 -1.1297 358 0.8979 2.7
38 -5.895 0.28 -12.07 8.9706 -1.1281 358 0.8979 2.7
39 -4.13 -0.403 -7.86 5.0178 -1.1403 358 0.8979 2.7
40 -4.365 -3.424 -5.31 0.8987 -1.1403 358 0.8979 2.7
41 -3.495 -0.94 -6.049 1.7155 -1.1403 358 0.8979 2.7
42 -5.695 -4.465 -6.924 1.2456 -1.1403 358 0.8979 2.7
43 -3.785 -0.891 -6.678 4.3567 -1.1276 358 0.8979 2.7
44 -3.47 0.877 -7.82 10.0923 -1.126 358 0.8979 2.7
45 0.495 8.38 -7.39 10.6939 -1.1217 358 0.8979 2.7
46 3.265 5.761 0.766 7.8126 -1.119 358 0.8979 2.7
47 0.03 4.762 -4.697 6.1132 -1.118 358 0.8979 2.7
48 -5.07 -4.285 -5.855 2.7894 -1.118 358 0.8979 2.7
49 0.1 6.503 -6.297 6.4394 -1.1163 358 0.8979 2.7
50 -1.63 -0.43 -2.83 2.5376 -1.1163 358 0.8979 2.7
51 0.625 4.326 -3.081 5.1868 -1.116 358 0.8979 2.7
52 3.27 6.618 -0.079 5.5647 -1.115 358 0.8979 2.7
53 -0.13 1.511 -1.771 2.0736 -1.115 358 0.8979 2.7
54 -1.015 4.209 -6.239 11.8539 -1.1122 358 0.8979 2.7
55 -0.34 5.321 -5.998 11.8006 -1.0076 358 0.8979 2.7
56 3.06 8.91 -2.787 12.6616 -1.0023 358 0.8979 2.7
57 1.385 6.003 -3.23 12.7195 -0.9987 358 0.8979 2.7
58 -1.34 4.316 -6.996 13.1112 -0.9948 358 0.8979 2.7
59 1.975 9.78 -5.831 12.313 -0.9903 358 0.8979 2.7
60 3.84 8.03 -0.346 4.5536 -0.9886 358 0.8979 2.7
61 -1.36 0.953 -3.672 11.4848 -1.0747 358 0.8979 2.7
62 -2.115 2.21 -6.437 8.5519 -1.1387 358 0.8979 2.7
63 -1.29 0.05 -2.633 0.9947 -1.1316 358 0.8979 2.7
64 3.535 10.05 -2.976 12.687 -1.1269 358 0.8979 2.7
65 4.22 8.27 0.167 11.0363 -1.1241 358 0.8979 2.7
66 7.86 13.81 1.915 11.7725 -1.1189 358 0.8979 2.7
67 3.25 6.849 -0.351 13.6155 -1.0248 358 0.898 2.7
68 1.25 4.85 -2.354 7.3115 -1.0234 358 0.8981 2.7
69 1.765 6.456 -2.934 14.6839 -1.0192 358 0.8983 2.7
70 2.31 7.52 -2.896 14.7537 -1.0144 358 0.8984 2.7
71 7.285 13.23 1.342 14.3689 -1.0061 358 0.8985 2.7
72 4.355 9.18 -0.466 12.9394 -1.0017 358 0.8986 2.7
73 3.155 7.6 -1.294 14.4022 -0.9971 358 0.8987 2.7
74 1.01 3.833 -1.811 7.1424 -0.996 358 0.8988 2.7
75 -0.98 2.042 -3.996 6.8815 -0.9949 358 0.8989 2.7
76 2.615 6.754 -1.52 12.8383 -0.9921 358 0.899 2.7
77 7.84 11.25 4.435 8.3542 -1.0375 358 0.8991 2.7
78 3.975 8.1 -0.151 16.5511 -1.0655 358 0.8992 2.7
79 3.4 9.63 -2.83 14.5917 -1.0625 358 0.8993 2.7
80 6.98 14.8 -0.839 16.8601 -0.9765 358 0.8994 2.7
81 10.295 17.24 3.35 17.2102 -0.9518 358 0.8995 2.7
82 10.875 17.17 4.582 14.1661 -0.9355 358 0.8996 2.7
83 10.105 16.19 4.022 8.8699 -0.9306 358 0.8997 2.7
84 4.56 7.99 1.131 11.6503 -0.9577 358 0.8998 2.7
85 1.07 3.081 -0.941 9.1283 -1.0367 358 0.8999 2.7
86 2.22 5.745 -1.296 4.608 -1.0358 358 0.9001 2.7
87 5.54 7.99 3.088 10.7299 -1.0214 358 0.9002 2.7
88 5.755 10 1.511 16.3383 -1.0016 358 0.9003 2.7
89 6.32 8.74 3.899 9.7732 -0.9947 358 0.9004 2.7
90 5.99 9.39 2.59 10.2603 -0.9961 358 0.9005 2.7
91 1.01 4.338 -2.32 14.0142 -1.0586 358 0.9006 2.7
92 -1.31 1.084 -3.702 13.2664 -0.9838 358 0.9007 2.7
93 -0.385 3.163 -3.93 14.8657 -1.1251 358 0.9008 2.7
94 -0.43 4.692 -5.551 8.4707 -1.1243 358 0.9009 2.7
95 3.09 8.62 -2.444 13.7031 -1.1221 358 0.901 2.7
96 -0.33 1.856 -2.524 14.9291 -1.1214 358 0.9011 2.7
97 -1.025 1.778 -3.831 16.7918 -1.1198 358 0.9012 2.7
98 -0.455 2.841 -3.749 14.7101 -1.1185 358 0.9013 2.7
99 0.2 6.014 -5.605 19.411 -1.1161 358 0.9014 2.7
100 2.005 4.96 -0.949 8.5401 -1.1153 358 0.9015 2.7
101 0.29 2.992 -2.41 6.9198 -1.1149 358 0.9016 2.7
102 0.775 3.292 -1.736 12.385 -1.1138 358 0.9017 2.7
103 0.24 3.471 -2.988 16.2695 -1.1122 358 0.9018 2.7
104 0.845 7.22 -5.53 15.5476 -1.1103 358 0.902 2.7
105 4.97 13.39 -3.45 17.2145 -0.9707 358 0.9021 2.7
106 8.93 16.87 0.994 9.1454 -0.9544 358 0.9022 2.7
107 6.7 10.14 3.255 13.6221 -0.9425 358 0.9023 2.7
108 3.57 6.139 0.997 7.4292 -1.0351 358 0.9024 2.7
109 3.295 6.294 0.301 9.0989 -1.1014 358 0.9025 2.7
110 2.735 5.283 0.19 13.41 -1.1274 358 0.9026 2.7
111 4.51 9.06 -0.037 15.8709 -1.013 358 0.9027 2.7
112 5.28 8.26 2.296 12.7072 -0.9999 358 0.9028 2.7
113 7.72 11.63 3.806 15.5063 -0.9862 358 0.9029 2.7
114 12.77 21.19 4.354 19.7662 -0.9573 358 0.903 2.7
115 14.925 22.76 7.09 19.2684 -0.9312 358 0.9031 2.7
116 15.16 19.85 10.47 18.994 -0.9074 358 0.9032 2.7
117 9.525 15.33 3.724 16.5545 -0.8949 358 0.9033 2.7
118 2.17 4.49 -0.147 15.9361 -1.017 358 0.9034 2.7
119 4.47 9.41 -0.467 13.8343 -0.8911 358 0.9035 2.7
120 5.5 10.69 0.306 13.9611 -0.9532 358 0.9036 2.7
121 1.48 3.949 -0.989 15.2958 -1.0105 358 0.9038 2.7
122 3.33 9.05 -2.39 22.6626 -1.0053 358 0.9039 2.7
123 9.41 18.56 0.265 22.1818 -0.8912 358 0.904 2.7
124 11.725 17.73 5.724 18.147 -0.8639 358 0.9041 2.7
125 3.44 8.36 -1.482 22.1334 -0.9792 358 0.9042 2.7
126 6.37 16.01 -3.27 23.0484 -0.836 358 0.9043 2.7
127 14.82 24.03 5.61 23.4082 -0.8074 358 0.9044 2.7
128 14.545 20.18 8.91 20.8152 -0.7873 358 0.9045 2.7
129 12.435 17.83 7.04 21.455 -0.7723 358 0.9047 2.7
130 13.515 21.83 5.205 23.0564 -0.7598 358 0.9051 2.7
131 17.285 27.57 7 23.0464 -0.7701 358 0.908 2.7
132 16.215 24.06 8.37 19.5094 -0.8064 358 0.9142 2.7
133 11.49 17.02 5.96 17.0777 -0.8225 358 0.9179 2.7
134 6.97 9.2 4.739 9.0326 -0.7338 358 0.9046 2.7
135 7.06 11.55 2.574 10.6418 -0.7706 358 0.9046 2.7
136 6.3 10.2 2.403 21.1048 -0.7596 358 0.9046 2.7
137 7.095 13.89 0.296 15.6414 -0.743 358 0.9046 2.7
138 10.595 17.99 3.198 22.4519 -0.722 358 0.9046 2.7
139 13.105 18.23 7.98 22.7296 -0.7008 358 0.9047 2.7
140 13.02 19.11 6.931 24.4257 -0.6862 358 0.9051 2.7
141 13.875 23.71 4.041 24.542 -0.7004 358 0.9088 2.7
142 20.04 30.28 9.8 24.46 -0.7635 358 0.9209 2.7
143 22.325 29.37 15.28 22.8591 -0.7604 358 0.9245 2.7
144 19.16 25.91 12.41 23.796 -0.7451 358 0.9256 2.7
145 18.285 26.88 9.69 22.3043 -0.7359 358 0.925 2.7
146 19.825 27.06 12.59 22.4236 -0.7418 358 0.9279 2.7
147 12.585 18.59 6.576 17.2519 -0.7506 358 0.9299 2.7
148 6.31 11.25 1.374 20.5106 -0.7559 358 0.9304 2.7
149 6.545 15.22 -2.13 23.8403 -0.7617 358 0.9324 2.7
150 16.285 24.32 8.25 22.4482 -0.7636 358 0.9358 2.7
151 19.385 28.64 10.13 24.4936 -0.7564 358 0.9387 2.7
152 11.685 20.15 3.219 20.5709 -0.7526 358 0.938 2.7
153 5.125 9.07 1.178 18.6657 -0.7506 358 0.9365 2.7
154 4.89 9.14 0.64 21.087 -0.7484 358 0.9353 2.7
155 7.875 14.02 1.731 18.6254 -0.7457 358 0.9351 2.7
156 7.265 10.85 3.677 13.2692 -0.7444 358 0.9334 2.7
157 10.835 16.98 4.694 15.2543 -0.7447 358 0.9341 2.7
158 14.495 20.91 8.08 18.9243 -0.7479 358 0.9378 2.7
159 15.68 20.56 10.8 15.221 -0.7544 358 0.9425 2.7
160 11.31 15.02 7.6 21.9551 -0.7613 358 0.9475 2.7
161 9.385 12.51 6.263 12.2447 -0.7645 358 0.9489 2.7
162 7.595 10.66 4.534 11.2657 -0.7664 358 0.9493 2.7
163 5.18 8.17 2.194 17.7763 -0.7686 358 0.9503 2.7
164 9.59 19.19 -0.014 24.6334 -0.7719 358 0.9569 2.7
165 11.64 16.06 7.22 25.3209 -0.7707 358 0.9616 2.7
166 12.31 20.26 4.361 25.2443 -0.7655 358 0.966 2.7
167 13.475 18.67 8.28 24.9825 -0.7581 358 0.9694 2.7
168 10.46 15.82 5.102 19.3252 -0.7529 358 0.9714 2.7
169 10.745 19.34 2.146 24.9004 -0.7482 358 0.9769 2.7
170 15.125 22.87 7.38 25.0267 -0.7515 358 0.9912 2.7
171 19.86 27.8 11.92 24.9166 -0.7655 358 1.0177 2.7
172 20.195 27.09 13.3 24.8148 -0.7747 358 1.0439 2.7
173 18.425 24.08 12.77 23.8416 -0.7738 358 1.0613 2.7
174 14.06 19.26 8.86 17.3347 -0.7701 358 1.0686 2.7
175 7.435 10.34 4.535 10.8734 -0.7689 358 1.0683 2.7
176 8.485 16.02 0.953 16.3387 -0.7657 358 1.0713 2.7
177 12.25 17.04 7.46 10.1611 -0.4905 358 0.8483 2.7
178 14.565 18.79 10.34 16.0986 -0.4833 358 0.848 2.7
179 12.27 16.36 8.18 14.1475 -0.5528 358 0.8421 2.7
180 13.945 21.75 6.143 21.5643 -0.4896 358 0.8421 2.7
181 16.55 23.22 9.88 18.8111 -0.5399 358 0.8871 2.7
182 17.225 24.57 9.88 24.9892 -0.7342 358 1.0512 2.7
183 19.57 28.99 10.15 25.2132 -0.7488 358 1.0942 2.7
184 23.32 31.18 15.46 21.8856 -0.7584 358 1.138 2.7
185 23.935 31.04 16.83 22.2624 -0.7711 358 1.187 2.7
186 18.94 24.57 13.31 24.5502 -0.7771 358 1.226 2.7
187 17.825 24.73 10.92 24.7089 -0.7766 358 1.2575 2.7 
188 18.485 26.79 10.18 22.3406 -0.7718 358 1.2813 2.7
189 22.07 28.48 15.66 24.2363 -0.7642 358 1.3037 2.7
190 23.315 30.55 16.08 23.7403 -0.7569 358 1.3291 2.7
191 22.365 27.52 17.21 16.1497 -0.7545 358 1.3578 2.7
192 18.43 24.55 12.31 10.6541 -0.7556 358 1.3803 2.7
193 17.87 23.82 11.92 13.067 -0.7599 358 1.4171 2.7
194 18.675 25.35 12 23.9859 -0.7693 358 1.4815 2.7
195 17.795 23.92 11.67 23.541 -0.7783 358 1.5499 2.7
196 13.5 17.7 9.3 19.9235 -0.7831 358 1.595 2.7
197 10.575 13.09 8.06 21.3139 -0.7863 358 1.635 2.7
198 11.79 16.03 7.55 22.6173 -0.7889 358 1.6803 2.7
199 12.515 15.85 9.18 11.6626 -0.7903 358 1.7072 2.7
200 14.29 21.25 7.33 15.4645 -0.7925 358 1.7501 2.7
201 14.245 18.23 10.26 13.1832 -0.7946 358 1.7879 2.7
202 14.305 20.18 8.43 21.2922 -0.7987 358 1.8559 2.7
203 16.71 23.31 10.11 16.1705 -0.8037 358 1.9315 2.7
204 18.58 27.16 10 22.6779 -0.8094 358 2.0196 2.7
205 19.47 25.91 13.03 23.5747 -0.8142 358 2.1042 2.7
206 19.355 27.07 11.64 23.7478 -0.8177 358 2.1891 2.7
207 20.06 27.23 12.89 23.5791 -0.8195 358 2.2636 2.7
208 18.365 24.27 12.46 23.0857 -0.8196 358 2.3283 2.7
209 13.42 16.21 10.63 18.9677 -0.8189 358 2.372 2.7
210 11.255 13.17 9.34 5.5735 -0.811 358 2.3193 2.7
211 11.91 14.94 8.88 10.9507 -0.7829 358 2.1459 2.7
212 14.275 20.42 8.13 23.2688 -0.8156 358 2.4383 2.7
213 16.5 22.83 10.17 20.9192 -0.8136 358 2.4852 2.7
214 18.88 25.56 12.2 23.3517 -0.8108 358 2.5338 2.7
215 16.87 20.4 13.34 16.32 -0.8083 358 2.5804 2.7
216 14.565 17.77 11.36 20.1953 -0.8064 358 2.6226 2.7
217 16.665 25.06 8.27 22.822 -0.8045 358 2.6785 2.7
218 19.91 28 11.82 22.9732 -0.8033 358 2.7429 2.7
219 21.345 30.38 12.31 22.8861 -0.8028 358 2.8166 2.7
220 20.875 28.2 13.55 22.8912 -0.8032 358 2.915 2.7
221 22.67 30.04 15.3 21.1372 -0.8044 358 3.0305 2.7
222 23.975 30.64 17.31 20.7723 -0.806 358 3.1519 2.7
223 22.835 31.13 14.54 18.9903 -0.8073 358 3.2609 2.7
224 24.965 31.82 18.11 14.6132 -0.8084 358 3.3867 2.7
225 23.22 30.46 15.98 17.4432 -0.8086 358 3.4847 2.7
226 23.42 31.8 15.04 18.1376 -0.8082 358 3.5811 2.7
227 24.955 32.34 17.57 18.3905 -0.8069 358 3.6759 2.7
228 22.805 29.16 16.45 19.7791 -0.8052 358 3.7531 2.7
229 20.055 25.92 14.19 20.8462 -0.803 358 3.8219 2.7
230 14.34 18.48 10.2 20.8051 -0.8006 358 3.8624 2.7
231 13.33 22.65 4.005 20.5228 -0.7979 358 3.9006 2.7
232 15.855 21.29 10.42 20.3176 -0.7948 358 3.9349 2.7
233 14.99 19.82 10.16 14.2568 -0.7917 358 3.9596 2.7
234 14.66 18.39 10.93 6.0099 -0.7896 358 3.9639 2.7
235 12.265 15.23 9.3 17.6634 -0.7866 358 3.9793 2.7
236 14.05 21.63 6.475 19.5243 -0.783 358 3.9971 2.7
237 16.44 25.32 7.56 18.1146 -0.7789 358 4.0181 2.7
238 20.19 28.48 11.9 19.4828 -0.7745 358 4.0365 2.7
239 19.955 26.01 13.9 19.5549 -0.7702 358 4.0509 2.7
240 19.475 25.97 12.98 18.9644 -0.7658 358 4.0638 2.7
241 18.835 26.68 10.99 19.2794 -0.7609 358 4.078 2.7
242 20.14 27.08 13.2 18.9717 -0.7564 358 4.0873 2.7
243 18.825 23.86 13.79 18.4724 -0.7521 358 4.094 2.7
244 15.425 20.67 10.18 13.7993 -0.7479 358 4.0986 2.7
245 15.665 23.52 7.81 18.864 -0.7437 358 4.1151 2.7
246 18.955 24.32 13.59 18.3562 -0.7391 358 4.1362 2.7
247 17.045 22.74 11.35 18.4761 -0.7347 358 4.1556 2.7
248 8.39 11.39 5.389 18.0412 -0.7311 358 4.1703 2.7
249 12.015 20.17 3.858 17.6042 -0.7272 358 4.1894 2.7
250 12.73 18.2 7.26 17.968 -0.7232 358 4.212 2.7
251 14.14 22.87 5.413 17.6401 -0.7191 358 4.24 2.7
252 19.695 28.7 10.69 17.128 -0.7145 358 4.2814 2.7
253 20.495 27.89 13.1 16.9036 -0.7105 358 4.3236 2.7
254 18.65 26.63 10.67 16.303 -0.7062 358 4.3806 2.7
255 19.82 25.72 13.92 14.413 -0.7022 358 4.4478 2.7
256 19.845 24.45 15.24 13.7942 -0.6993 358 4.5147 2.7
257 20.31 26.58 14.04 13.8016 -0.6961 358 4.6022 2.7
258 18.355 22.38 14.33 10.8719 -0.6943 358 4.6587 2.7
259 18.94 23.8 14.08 13.2307 -0.6923 358 4.7327 2.7
260 18.28 25.38 11.18 15.9005 -0.6902 358 4.8249 2.7
261 17.285 23.47 11.1 15.623 -0.6883 358 4.9171 2.7
262 13.27 20.71 5.83 15.7686 -0.6868 358 5.029 2.7
263 15.755 24.21 7.3 15.857 -0.6853 358 5.1561 2.7
264 18.15 23.39 12.91 15.2264 -0.6838 358 5.292 2.7
265 18.265 26.72 9.81 15.2699 -0.6824 358 5.4312 2.7
266 20.11 29.17 11.05 14.4608 -0.6809 358 5.5851 2.7
267 19.265 26.6 11.93 11.8331 -0.6793 358 5.7492 2.7
268 12.425 16.68 8.17 3.3241 -0.679 358 5.7837 2.7
269 8.4 13.86 2.94 7.4354 -0.6782 358 5.8709 2.7
270 8.08 13.78 2.378 11.2437 -0.6772 358 5.9722 2.7
271 9.21 16.08 2.337 14.8878 -0.676 358 6.0772 2.7
272 13.585 21.87 5.297 14.4945 -0.6747 358 6.1887 2.7
273 15.24 22.85 7.63 14.2074 -0.6732 358 6.3028 2.7
274 18.545 27.63 9.46 13.882 -0.6714 358 6.4362 2.7
275 17.48 23.99 10.97 13.4247 -0.6696 358 6.5576 2.7
276 17.275 24.92 9.63 13.4864 -0.6677 358 6.6738 2.7
277 12.57 16.47 8.67 13.3307 -0.666 358 6.7741 2.7
278 10.195 18.24 2.151 12.3459 -0.6642 358 6.8679 2.7
279 10.865 17.24 4.494 12.8005 -0.6625 358 6.956 2.7
280 7.99 12.65 3.333 3.927 -0.6609 358 7.0327 2.7
281 5.855 8.98 2.726 9.4743 -0.6595 358 7.0979 2.7
282 7.16 12.85 1.466 12.3129 -0.6577 358 7.1728 2.7
283 7.46 12.79 2.132 5.6329 -0.6563 358 7.234 2.7
284 4.82 8 1.643 7.8753 -0.6549 358 6.4573 2.7
285 7.165 11.78 2.55 9.6577 -0.6524 358 7.3349 2.7
286 11.415 15.7 7.13 11.1187 -0.6511 358 7.4355 2.7
287 10.59 14.73 6.451 9.8825 -0.6494 358 7.4973 2.7
288 9.705 17.06 2.346 9.8954 -0.6475 358 7.5634 2.7
289 9.885 17.57 2.203 9.9345 -0.6455 358 7.6336 2.7
290 5.16 11.53 -1.213 10.663 -0.6436 358 7.6945 2.7
291 8.595 17.2 -0.009 10.6324 -0.6414 358 7.7652 2.7
292 12.69 17.77 7.61 10.1899 -0.6392 358 7.8328 2.7
293 9.735 18.23 1.24 9.9112 -0.6372 358 7.8936 2.7
294 7.69 9.37 6.005 5.4914 -0.6353 358 7.9501 2.7
295 6.19 9.68 2.7 4.4255 -0.5532 358 0.7825 2.7
296 1.96 3.867 0.045 9.6406 -0.6341 358 0.7824 2.7
297 3.815 9.44 -1.809 9.0255 -0.6342 358 0.7824 2.7
298 10.265 15.52 5.007 9.3847 -0.5954 358 0.7824 2.7
299 11.05 18.7 3.401 6.683 -0.5553 358 0.7825 2.7
300 8.415 15.23 1.604 4.5757 -0.634 358 0.7824 2.7
301 3.825 7.26 0.39 4.9976 -0.634 358 0.7824 2.7
302 4.14 7.69 0.588 2.8368 -0.634 358 0.7824 2.7
303 7.72 10.61 4.828 2.5079 -0.9192 358 0.7824 2.7
304 7.03 8.68 5.384 4.8337 -0.9612 358 0.7824 2.7
305 7.295 9.21 5.377 3.404 -0.9622 358 0.7824 2.7
306 9.665 14.35 4.976 8.2224 -0.9279 358 0.7824 2.7
307 10.345 18.43 2.261 7.5727 -0.8886 358 0.7824 2.7
308 11.85 17.9 5.802 7.8455 -0.8295 358 0.7824 2.7
309 4.475 9.36 -0.415 7.1553 -0.6339 358 0.7824 2.7
310 0.855 4.541 -2.832 5.0671 -0.6402 358 0.7824 2.7
311 2.73 9.33 -3.866 7.5741 -0.6401 358 0.7824 2.7
312 5.615 12.54 -1.307 6.856 -0.7716 358 0.7824 2.7
313 8.245 15.11 1.377 5.6348 -0.7469 358 0.7824 2.7
314 8.3 13.81 2.79 6.3382 -0.6337 358 0.7824 2.7
315 5.45 10.56 0.343 4.9436 -0.6336 358 0.7824 2.7
316 7.705 10.89 4.517 2.1911 -0.747 358 0.7824 2.7
317 7.365 10.62 4.106 1.703 -0.9812 358 0.7815 2.7
318 11.325 14.33 8.32 5.5177 -0.9327 358 0.7815 2.7
319 9.265 11.96 6.568 2.4754 -0.9226 358 0.7815 2.7
320 4.695 7.44 1.948 1.2969 -0.896 358 0.7736 2.7
321 2.675 6.086 -0.735 6.4845 -0.6399 358 0.7736 2.7
322 1.915 5.794 -1.958 5.4308 -0.6398 358 0.7736 2.7
323 5.36 9.99 0.734 0.8183 -0.9065 358 0.7736 2.7
324 4.345 7.21 1.481 1.4077 -0.9337 358 0.7736 2.7
325 2.64 5.203 0.075 1.1614 -1.0511 358 0.7736 2.7
326 2.44 5.802 -0.917 1.5898 -1.0388 358 0.7701 2.7
327 0.965 2.843 -0.913 3.8022 -1.0214 358 0.77 2.7
328 -1.15 0.39 -2.687 0.6293 -1.0214 358 0.77 2.7
329 -1.29 0.099 -2.68 4.5169 -1.0394 358 0.77 2.7
330 -1.89 2.148 -5.935 6.4167 -1.0365 358 0.77 2.7
331 -3.445 -0.584 -6.307 3.8518 -1.0356 358 0.77 2.7
332 0.155 4.463 -4.15 1.3281 -1.0353 358 0.77 2.7
333 1.315 4.241 -1.607 5.2034 -1.0337 358 0.77 2.7
334 1.53 3.947 -0.893 4.743 -1.031 358 0.77 2.7
335 1.27 3.399 -0.863 2.1428 -1.0302 358 0.77 2.7
336 -0.485 2.403 -3.367 0.7825 -1.0301 358 0.77 2.7
337 -0.765 0.985 -2.52 3.1173 -1.0295 358 0.77 2.7
338 -2.525 -1.334 -3.717 3.2144 -1.0292 358 0.77 2.7
339 0.535 4.33 -3.257 0.7746 -1.0292 358 0.77 2.7
340 2.115 4.122 0.111 2.2369 -1.0289 358 0.77 2.7
341 3.56 8.47 -1.348 4.9912 -1.0243 358 0.77 2.7
342 3.965 9.15 -1.215 3.8357 -1.0119 358 0.77 2.7
343 -2.225 0.329 -4.776 5.6657 -1.0104 358 0.77 2.7
344 -2.42 0.156 -5.001 3.1687 -1.01 358 0.77 2.7
345 -0.32 1.856 -2.498 2.8686 -1.0096 358 0.77 2.7
346 -1.28 3.855 -6.416 1.2613 -1.0096 358 0.77 2.7
347 3.66 7.62 -0.298 1.9284 -1.0089 358 0.77 2.7
348 -2.33 -0.626 -4.026 3.3133 -1.1022 358 0.7696 2.7
349 0.3 4.838 -4.24 0.6971 -1.0732 358 0.7696 2.7
350 5.425 8.15 2.701 3.5553 -1.042 358 0.7693 2.7
351 -0.905 3.181 -4.987 3.7739 -1.1072 358 0.7693 2.7
352 -1.435 -0.07 -2.796 0.4071 -1.1072 358 0.7693 2.7
353 -1.805 0.709 -4.322 0.723 -1.1072 358 0.7693 2.7
354 -2.31 -1.266 -3.345 0.786 -1.0925 358 0.7693 2.7
355 -1.875 2.678 -6.427 4.9467 -1.0914 358 0.7693 2.7
356 -4.63 -2.642 -6.625 0.5214 -1.0914 358 0.7693 2.7
357 -3.985 -2.771 -5.201 0.5437 -1.0914 358 0.7693 2.7
358 -4.49 -2.408 -6.572 1.1267 -1.0914 358 0.7693 2.7
359 -5.615 -3.599 -7.63 0.9525 -1.1067 358 0.7693 2.7
360 -5.505 -3.33 -7.68 0.702 -1.1067 358 0.7693 2.7
361 -4.79 -3.817 -5.761 0.5658 -1.1067 358 0.7693 2.7
362 -0.755 4.32 -5.826 3.8594 -1.1062 358 0.7693 2.7
363 -5.12 -3.53 -6.709 1.1452 -1.1062 358 0.7693 2.7
364 -2.665 -0.029 -5.305 0.7257 -1.1062 358 0.7693 2.7
365 -1.8 -0.233 -3.374 1.2245 -1.1062 358 0.7693 2.7
1 -1.22 0.437 -2.882 0.6469 -1.1321 358 0.8298 2.7
2 2.625 4.971 0.281 2.2665 -1.132 358 0.8298 2.7
3 0.89 3.505 -1.725 4.2266 -1.131 358 0.8298 2.7
4 -1.235 2.308 -4.776 3.3151 -1.1306 358 0.8298 2.7
5 2.175 6.067 -1.722 3.5503 -1.1293 358 0.8298 2.7
6 6.87 10.82 2.92 2.3983 -1.0314 358 0.8298 2.7
7 8.935 11.92 5.947 3.4704 -1.029 358 0.8298 2.7
8 4.175 6.377 1.97 5.3645 -1.0472 358 0.8298 2.7
9 2 6.02 -2.02 4.7366 -1.1328 358 0.8298 2.7
10 3.16 7.52 -1.202 4.1411 -1.1299 358 0.8298 2.7
11 4.295 6.976 1.61 2.7295 -1.1295 358 0.8298 2.7
12 4.405 9.86 -1.054 5.291 -1.1292 358 0.8298 2.7
13 -2.585 1.197 -6.373 4.0799 -1.1288 358 0.8298 2.7
14 -3.835 -2.038 -5.633 2.4291 -1.1421 358 0.8298 2.7
15 -2.18 3.746 -8.11 6.0872 -1.1414 358 0.8298 2.7
16 -1.435 2.283 -5.15 5.3474 -1.1408 358 0.8298 2.7
17 -3.19 -0.335 -6.038 2.7895 -1.1405 358 0.8298 2.7
18 -1.1 1.481 -3.68 2.8134 -1.1402 358 0.8298 2.7
19 -1.595 -0.064 -3.133 4.1885 -1.1396 358 0.8298 2.7
20 -0.425 1.753 -2.597 3.0878 -1.1396 358 0.8298 2.7
21 -2.745 -0.157 -5.332 0.7814 -1.1396 358 0.8298 2.7
22 -3.81 -2.903 -4.715 1.649 -1.1396 358 0.8298 2.7
23 -2.095 0.438 -4.629 2.1674 -1.1394 358 0.8298 2.7
24 2.07 5.14 -1 5.8113 -1.138 358 0.8298 2.7
25 1.335 4.463 -1.791 2.9369 -1.1374 358 0.8298 2.7
26 -4.035 -1.727 -6.344 2.5131 -1.1372 358 0.8298 2.7
27 -5.03 -1.245 -8.81 5.0767 -1.1364 358 0.8298 2.7
28 -5.55 -1.048 -10.05 6.0645 -1.1355 358 0.8298 2.7
29 -6.63 -2.624 -10.64 5.5726 -1.1349 358 0.8298 2.7
30 -2.34 1.024 -5.702 6.528 -1.134 358 0.8298 2.7
31 0.805 3.651 -2.035 3.6026 -1.1331 358 0.8298 2.7
32 0.1 2.718 -2.515 5.8448 -1.132 358 0.8298 2.7
33 0.515 6.249 -5.222 7.1913 -1.1298 358 0.8298 2.7
34 0.115 3.125 -2.886 6.8967 -1.1281 358 0.8298 2.7
35 1.005 7.82 -5.812 7.4751 -1.1252 358 0.8298 2.7
36 0.525 5.453 -4.404 6.2355 -1.1191 358 0.8298 2.7
37 3.11 8.68 -2.465 4.9744 -1.1159 358 0.8298 2.7
38 0.195 3.27 -2.879 1.3788 -1.1159 358 0.8298 2.7
39 -1.055 1.535 -3.641 7.9284 -1.1148 358 0.8298 2.7
40 0.94 6.486 -4.612 6.8445 -1.1127 358 0.8298 2.7
41 4.565 10.53 -1.402 7.5621 -1.1086 358 0.8298 2.7
42 0.19 4.664 -4.282 7.4355 -1.1068 358 0.8298 2.7
43 -2.845 2.419 -8.11 6.5452 -1.1055 358 0.8298 2.7
44 2.76 9.76 -4.245 9.5019 -1.0997 358 0.8298 2.7
45 1.445 6.685 -3.79 9.4772 -1.096 358 0.8298 2.7
46 2.285 7.4 -2.827 9.1239 -1.0924 358 0.8298 2.7
47 3.595 10.03 -2.838 8.2798 -1.0892 358 0.8298 2.7
48 3.445 8.83 -1.943 7.4956 -1.0004 358 0.8298 2.7
49 4.09 8.56 -0.377 7.9466 -0.9974 358 0.8298 2.7
50 3.495 5.941 1.054 4.8166 -0.9968 358 0.8298 2.7
51 4.23 8.86 -0.402 8.68 -0.9936 358 0.8298 2.7
52 9.215 13.27 5.157 7.269 -0.9896 358 0.8298 2.7
53 12.23 15.69 8.77 9.4965 -0.982 358 0.8298 2.7
54 4.315 8.28 0.349 9.5141 -1.0679 358 0.8298 2.7
55 -0.33 2.076 -2.74 9.3178 -1.1377 358 0.8298 2.7
56 -2.74 1.669 -7.15 11.5994 -1.1294 358 0.8298 2.7
57 -0.05 8.43 -8.53 11.8268 -1.1271 358 0.8298 2.7
58 1.94 11.42 -7.54 11.4666 -1.1248 358 0.8298 2.7
59 -2.32 1.447 -6.087 9.9716 -1.1238 358 0.8298 2.7
60 -1.275 5.024 -7.57 12.0118 -1.122 358 0.8298 2.7
61 -0.555 4.016 -5.133 12.3258 -1.1203 358 0.8298 2.7
62 1.695 10.81 -7.42 12.4537 -1.1189 358 0.8298 2.7
63 6.37 10.34 2.405 9.3909 -0.9409 358 0.8298 2.7
64 2.01 3.901 0.116 3.4795 -1.1162 358 0.8298 2.7
65 1.455 5.545 -2.639 6.0768 -1.1213 358 0.8298 2.7
66 -5.05 -2.753 -7.35 6.9929 -1.1206 358 0.8298 2.7
67 -4.635 -1.812 -7.46 8.8222 -1.1197 358 0.8298 2.7
68 -0.135 5.939 -6.209 5.7151 -1.1176 358 0.8298 2.7
69 3.15 5.746 0.549 8.8874 -1.1151 358 0.8298 2.7
70 5.595 8.84 2.352 7.0676 -1.1493 358 0.8298 2.7
71 -0.565 1.75 -2.877 6.8628 -1.133 358 0.8298 2.7
72 -1.435 0.297 -3.17 9.7787 -1.0668 358 0.8298 2.7
73 -0.935 1.563 -3.435 10.3408 -1.0314 358 0.8299 2.7
74 -1.54 1.552 -4.631 10.1663 -1.0296 358 0.8299 2.7
75 -4.73 -2.972 -6.494 8.2506 -1.0291 358 0.83 2.7
76 -4.225 -1.106 -7.34 7.5639 -1.0282 358 0.8301 2.7
77 -3.775 -0.112 -7.44 8.8415 -1.0271 358 0.8302 2.7
78 1.94 3.925 -0.036 13.1103 -1.0246 358 0.8303 2.7
79 3.67 12.51 -5.167 9.8047 -1.1642 358 0.8304 2.7
80 -5.435 -4.35 -6.516 4.1504 -1.1339 358 0.8305 2.7
81 -0.675 4.915 -6.265 7.699 -1.1317 358 0.8306 2.7
82 3.65 8.43 -1.131 11.5063 -1.1313 358 0.8307 2.7
83 3.305 6.658 -0.054 16.8458 -1.1287 358 0.8308 2.7
84 5.105 12.41 -2.199 16.7962 -1.0632 358 0.831 2.7
85 5.3 10.72 -0.119 11.5133 -0.9806 358 0.8311 2.7
86 2.965 6.823 -0.894 16.0943 -0.9717 358 0.8312 2.7
87 6.07 9.97 2.172 15.4819 -1.0546 358 0.8313 2.7
88 7.925 13.34 2.511 16.9737 -0.9457 358 0.8314 2.7
89 10.42 16.29 4.554 17.1619 -0.9253 358 0.8315 2.7
90 10.96 16.57 5.349 17.9525 -0.9048 358 0.8316 2.7
91 9.98 17.11 2.851 17.0832 -0.8902 358 0.8317 2.7
92 5.165 11.58 -1.254 17.6325 -1.0186 358 0.8318 2.7
93 7.08 15.82 -1.656 18.0328 -0.8693 358 0.8319 2.7
94 9.755 18.16 1.354 18.2645 -0.8534 358 0.832 2.7
95 8.93 13.31 4.548 12.3357 -0.8482 358 0.8321 2.7
96 5.765 8.33 3.198 14.6116 -0.8441 358 0.8322 2.7
97 5.11 7.94 2.281 10.0842 -0.8418 358 0.8323 2.7
98 8.785 16.73 0.836 17.3781 -0.8329 358 0.8325 2.7
99 5.8 8.75 2.847 6.2027 -1.0257 358 0.8325 2.7
100 5.84 9.03 2.651 14.8162 -1.0215 358 0.8327 2.7
101 8.095 11.65 4.541 10.2796 -1.0221 358 0.8328 2.7
102 9.64 13.59 5.694 14.2993 -1.0045 358 0.8329 2.7
103 12.64 15.5 9.78 10.6199 -1.0886 358 0.833 2.7
104 4.365 9.86 -1.129 14.3705 -1.0707 358 0.8331 2.7
105 0.215 2.951 -2.515 13.5027 -1.0659 358 0.8332 2.7
106 1.01 4.326 -2.313 10.1826 -1.0645 358 0.8333 2.7
107 0.725 3.234 -1.785 20.0441 -1.1287 358 0.8334 2.7
108 2.235 7.33 -2.863 13.6751 -1.0592 358 0.8335 2.7
109 4.13 8.9 -0.638 18.2299 -1.055 358 0.8336 2.7
110 5.545 11.23 -0.138 16.0401 -0.9618 358 0.8337 2.7
111 6.655 11.19 2.124 21.0179 -0.9466 358 0.8338 2.7
112 8.43 13.44 3.416 20.7136 -0.9293 358 0.8339 2.7
113 3.84 9.56 -1.881 21.3133 -1.0312 358 0.834 2.7
114 5.57 14.58 -3.436 21.1233 -0.8972 358 0.8341 2.7
115 7.795 15.18 0.413 19.4656 -0.8793 358 0.8342 2.7
116 3.76 6.814 0.711 19.577 -0.8728 358 0.8344 2.7
117 2.145 5.967 -1.68 16.9593 -1.0067 358 0.8345 2.7
118 5.73 12.92 -1.458 18.6702 -0.8572 358 0.8346 2.7
119 9.475 15.73 3.218 20.3014 -0.8421 358 0.8347 2.7
120 7.92 12.19 3.649 17.6483 -0.834 358 0.8348 2.7
121 10.23 16.88 3.578 19.2756 -0.8203 358 0.8349 2.7
122 8.305 13.92 2.689 21.7168 -0.8105 358 0.835 2.7
123 4.78 9.62 -0.063 21.603 -0.8036 358 0.8351 2.7
124 7.63 13.17 2.086 21.0774 -0.7934 358 0.8353 2.7
125 3.11 5.739 0.48 16.9751 -0.9498 358 0.8354 2.7
126 0.885 4.104 -2.325 13.7775 -0.948 358 0.8356 2.7
127 0.62 4.838 -3.595 22.2286 -1.0556 358 0.8357 2.7
128 3.8 11.86 -4.263 20.5209 -0.7799 358 0.836 2.7
129 3.83 6.666 0.985 21.2885 -0.9326 358 0.8363 2.7
130 4.6 9.87 -0.671 15.0757 -0.7759 358 0.8367 2.7
131 9.025 16.92 1.135 22.3335 -0.7811 358 0.8383 2.7
132 12.31 22.23 2.389 21.245 -0.8144 358 0.8435 2.7
133 7.675 12.42 2.933 10.1973 -0.824 358 0.8451 2.7
134 7.61 14.4 0.818 20.6929 -0.8356 358 0.8479 2.7
135 7.945 13.61 2.276 22.5348 -0.8424 358 0.8507 2.7
136 9.93 18.81 1.051 20.2675 -0.8406 358 0.8529 2.7
137 10.615 16.7 4.534 21.8164 -0.8332 358 0.8541 2.7
138 10.38 14.23 6.527 13.5797 -0.8277 358 0.8546 2.7
139 9.515 13.73 5.301 7.9279 -0.8248 358 0.8548 2.7
140 7.525 13.35 1.704 16.8285 -0.7971 358 0.8513 2.7
141 5.025 7.84 2.211 21.117 -0.8122 358 0.8549 2.7
142 4.965 8.82 1.114 18.708 -0.8107 358 0.8552 2.7
143 8.055 15.86 0.252 22.9661 -0.796 358 0.8554 2.7
144 11.475 19.69 3.26 17.6017 -0.7835 358 0.8555 2.7
145 14.36 19.41 9.31 14.34 -0.7721 358 0.8557 2.7
146 14.275 19.42 9.13 14.5089 -0.7631 358 0.8558 2.7
147 13.59 17.76 9.42 9.2928 -0.7542 358 0.855 2.7
148 12.655 16.18 9.13 7.0201 -0.7544 358 0.8556 2.7
149 15.41 20.5 10.32 20.0552 -0.746 358 0.8541 2.7
150 14.435 20.04 8.83 21.7997 -0.7388 358 0.853 2.7
151 14.625 21.15 8.1 21.6134 -0.7386 358 0.8533 2.7
152 12.915 17.78 8.05 21.2801 -0.7457 358 0.8551 2.7
153 11.11 17.47 4.754 23.9412 -0.7577 358 0.8588 2.7
154 11.405 18.32 4.488 17.2634 -0.7645 358 0.8615 2.7
155 14.945 20.48 9.41 23.2008 -0.7662 358 0.864 2.7
156 11.73 16.5 6.958 21.5353 -0.7637 358 0.8647 2.7
157 8.425 15.68 1.173 21.2609 -0.7596 358 0.8648 2.7
158 5.9 10.65 1.155 18.337 -0.7566 358 0.8639 2.7
159 4.84 8.92 0.763 16.9358 -0.7543 358 0.8628 2.7
160 7.985 12.71 3.258 17.6706 -0.7512 358 0.8621 2.7
161 12.305 19.06 5.554 14.5835 -0.7483 358 0.8624 2.7
162 13.95 21.68 6.219 23.8241 -0.7497 358 0.8676 2.7
163 16.845 25.17 8.52 23.9294 -0.7638 358 0.8802 2.7
164 20.47 27.19 13.75 21.1344 -0.7748 358 0.8937 2.7
165 19.145 25.87 12.42 22.5906 -0.7737 358 0.9027 2.7
166 20.43 27.84 13.02 23.1641 -0.7653 358 0.9089 2.7
167 13.945 18.15 9.74 19.2948 -0.7588 358 0.9115 2.7
168 11.065 13.09 9.04 7.6001 -0.7574 358 0.9103 2.7
169 8.19 10.68 5.7 18.6319 -0.7551 358 0.9105 2.7
170 11.235 19.75 2.723 22.67 -0.7517 358 0.9154 2.7
171 15.025 22.64 7.41 22.482 -0.7554 358 0.9289 2.7
172 18.985 25.26 12.71 21.0765 -0.768 358 0.9516 2.7
173 18.87 25.36 12.38 19.7861 -0.777 358 0.9731 2.7
174 16.53 21.46 11.6 22.0887 -0.7786 358 0.9886 2.7
175 16.59 25.07 8.11 22.6006 -0.7745 358 1.0015 2.7
176 21.255 29.68 12.83 22.6464 -0.765 358 1.0135 2.7
177 24.1 31.22 16.98 19.6465 -0.7554 358 1.0245 2.7
178 17.29 21.35 13.23 14.3398 -0.7513 358 1.0337 2.7
179 16 19.79 12.21 13.419 -0.7508 358 1.0446 2.7
180 13.92 16.86 10.98 19.2998 -0.7533 358 1.0591 2.7
181 13.795 18.17 9.42 20.8461 -0.76 358 1.0838 2.7
182 15.275 22.02 8.53 23.1543 -0.77 358 1.1202 2.7
183 16.89 26.43 7.35 24.0387 -0.7774 358 1.1614 2.7
184 13.01 17.36 8.66 19.6309 -0.7783 358 1.1834 2.7
185 12.135 18.04 6.234 22.9459 -0.7764 358 1.2021 2.7
186 13.2 22.35 4.052 23.1217 -0.7718 358 1.221 2.7
187 18.315 26.48 10.15 23.0632 -0.7651 358 1.2394 2.7
188 18.64 25.33 11.95 16.8579 -0.76 358 1.2535 2.7
189 16.11 23.22 9 24.5738 -0.7558 358 1.2735 2.7
190 18.79 27.9 9.68 24.59 -0.7556 358 1.3122 2.7
191 23.45 33.58 13.32 24.0554 -0.7635 358 1.3793 2.7
192 26.535 35.23 17.84 23.6237 -0.7749 358 1.4621 2.7
193 26.635 35.18 18.09 19.0443 -0.7841 358 1.5506 2.7
194 24.15 30.58 17.72 22.1727 -0.7889 358 1.6275 2.7
195 19.955 25.92 13.99 23.4499 -0.7919 358 1.6949 2.7
196 19.32 28.45 10.19 19.5557 -0.7955 358 1.7706 2.7
197 21.6 28.62 14.58 20.8755 -0.8005 358 1.8592 2.7
198 20.43 26.83 14.03 22.0528 -0.8063 358 1.9546 2.7
199 20.6 26.43 14.77 23.498 -0.812 358 2.0545 2.7
200 18.135 24.45 11.82 23.6578 -0.8163 358 2.1456 2.7
201 18.755 27.98 9.53 21.612 -0.8191 358 2.2362 2.7
202 20.275 28.39 12.16 21.8502 -0.8201 358 2.3245 2.7
203 22.545 29.47 15.62 17.7182 -0.8195 358 2.4029 2.7
204 22.71 29.02 16.4 15.4118 -0.8179 358 2.4666 2.7
205 20.52 28.36 12.68 21.0431 -0.8155 358 2.5313 2.7
206 21.13 26.21 16.05 22.3431 -0.8127 358 2.5936 2.7
207 18.095 23.13 13.06 22.0016 -0.8099 358 2.6551 2.7
208 17.59 24.33 10.85 22.5404 -0.8073 358 2.7231 2.7
209 18.66 25.31 12.01 21.3875 -0.8051 358 2.7985 2.7
210 21.71 28.15 15.27 22.8544 -0.8037 358 2.8854 2.7
211 18.87 24.09 13.65 22.9772 -0.8031 358 2.9823 2.7
212 16.315 23.97 8.66 22.8358 -0.8035 358 3.095 2.7
213 17.535 26.32 8.75 22.8615 -0.8046 358 3.2188 2.7
214 14.525 21.8 7.25 22.769 -0.8059 358 3.3447 2.7
215 12.57 21.47 3.666 18.0554 -0.8072 358 3.4685 2.7
216 10.445 13.71 7.18 15.2066 -0.8082 358 3.5781 2.7
217 8.9 14.44 3.36 13.8878 -0.8088 358 3.684 2.7
218 10.315 15.23 5.396 18.9718 -0.8089 358 3.7859 2.7
219 12.15 20.77 3.525 23.1722 -0.8086 358 3.8957 2.7
220 15.35 23.5 7.2 21.8671 -0.8076 358 4.0064 2.7
221 19.92 28.78 11.06 22.0774 -0.8058 358 4.1216 2.7
222 20.57 26.94 14.2 22.0862 -0.8034 358 4.2243 2.7
223 20.27 26.75 13.79 21.9476 -0.8003 358 4.3278 2.7
224 19.82 27.79 11.85 21.7396 -0.7964 358 4.428 2.7
225 23.025 30.96 15.09 21.5835 -0.7917 358 4.5262 2.7
226 24.96 31.04 18.88 21.4816 -0.7855 358 4.6126 2.7
227 24.595 30.54 18.65 21.2107 -0.7791 358 4.6852 2.7
228 20.785 26.49 15.08 20.7901 -0.773 358 4.7428 2.7
229 18.995 25.41 12.58 20.7002 -0.7677 358 4.7724 2.7
230 15.855 24.73 6.983 20.9059 -0.7625 358 4.7937 2.7
231 16.33 22.61 10.05 17.5305 -0.7576 358 4.8075 2.7
232 11.52 14.28 8.76 15.5906 -0.7533 358 4.814 2.7
233 13.095 19.37 6.816 18.7167 -0.7486 358 4.8227 2.7
234 15.96 24.1 7.82 19.7369 -0.7437 358 4.8348 2.7
235 16.74 21.39 12.09 9.241 -0.7403 358 4.8297 2.7
236 16.86 23.91 9.81 17.6749 -0.7357 358 4.8395 2.7
237 17.17 22.6 11.74 13.4363 -0.7316 358 4.8446 2.7
238 15.725 21.51 9.94 18.3639 -0.7272 358 4.8564 2.7
239 16.495 23.88 9.11 18.5923 -0.7226 358 4.8745 2.7
240 19.64 25.83 13.45 19.0967 -0.7179 358 4.901 2.7
241 20.01 25.2 14.82 16.9796 -0.7135 358 4.9315 2.7
242 16.54 22.05 11.03 19.4355 -0.7095 358 4.964 2.7
243 17.575 26.57 8.58 18.8464 -0.7056 358 5.0069 2.7
244 19.605 24.81 14.4 18.3808 -0.7021 358 5.0545 2.7
245 18.785 26.86 10.71 19.1971 -0.6988 358 5.1241 2.7
246 10.535 15.58 5.486 10.9573 -0.6964 358 5.181 2.7
247 10.17 17.1 3.243 17.6873 -0.6939 358 5.2541 2.7
248 9.375 14.85 3.903 13.9564 -0.6918 358 5.3297 2.7
249 9.12 15.19 3.047 12.2311 -0.6899 358 5.4065 2.7
250 10.03 14.46 5.596 18.5477 -0.6881 358 5.4924 2.7
251 10.215 17.52 2.908 13.2689 -0.6865 358 5.5769 2.7
252 15.505 24.92 6.091 17.695 -0.6847 358 5.6977 2.7
253 18.54 28.07 9.01 17.2185 -0.683 358 5.828 2.7
254 20.105 29.33 10.88 16.916 -0.6813 358 5.9705 2.7
255 22.01 30.49 13.53 16.5709 -0.6795 358 6.1136 2.7
256 22.795 31.03 14.56 16.0294 -0.6777 358 6.2541 2.7
257 20.775 27.87 13.68 10.7324 -0.6758 358 6.4001 2.7
258 17.085 23.33 10.84 10.2222 -0.6741 358 6.507 2.7
259 11.775 14.24 9.31 10.216 -0.6728 358 6.5786 2.7
260 10.835 14.63 7.04 9.7203 -0.6718 358 6.6232 2.7
261 12.855 21.99 3.723 16.1531 -0.67 358 6.7127 2.7
262 17.745 24.97 10.52 15.8128 -0.6681 358 6.8027 2.7
263 12.695 18.21 7.18 15.7467 -0.6662 358 6.8784 2.7
264 11.855 18.56 5.15 15.378 -0.6642 358 6.9547 2.7
265 12.965 22.72 3.21 15.0878 -0.662 358 7.0288 2.7
266 16.76 25.4 8.12 14.7399 -0.6595 358 7.1033 2.7
267 17.625 23.61 11.64 14.3688 -0.657 358 7.1741 2.7
268 14.925 21.32 8.53 14.0022 -0.6545 358 7.2292 2.7
269 14.85 20.99 8.71 8.8324 -0.6521 358 7.2754 2.7
270 10.1 14.55 5.649 8.5483 -0.6502 358 7.3008 2.7
271 12.175 19.9 4.455 13.1164 -0.6478 358 7.3935 2.7
272 7.775 12.31 3.244 11.6305 -0.6459 358 7.4651 2.7
273 3.795 6.585 0.996 8.9083 -0.6442 358 7.5316 2.7
274 3.695 9.67 -2.281 12.5965 -0.6421 358 7.608 2.7
275 7.255 15.41 -0.903 12.5226 -0.6397 358 7.6904 2.7
276 7.905 10.09 5.717 3.8347 -0.6065 358 6.4814 2.7
277 10.835 15.42 6.248 10.8613 -0.6354 358 7.7218 2.7
278 11.435 16.19 6.682 12.1836 -0.6343 358 7.8406 2.7
279 13.15 21.34 4.964 12.0313 -0.6319 358 7.9177 2.7
280 14.625 21.75 7.5 11.6681 -0.629 358 7.9992 2.7
281 13.22 21.26 5.182 11.605 -0.6262 358 8.0752 2.7
282 12.55 18.86 6.243 11.4048 -0.6236 358 8.1464 2.7
283 5.19 8.58 1.797 9.9615 -0.6214 358 8.2051 2.7
284 5.07 11.11 -0.97 11.1624 -0.619 358 8.2679 2.7
285 5.175 12.78 -2.427 11.1341 -0.6165 358 8.3359 2.7
286 10.85 22.41 -0.715 10.9203 -0.6137 358 8.4094 2.7
287 9.565 14.91 4.222 10.7143 -0.6109 358 8.4827 2.7
288 9.48 16.81 2.153 10.5283 -0.6082 358 8.556 2.7
289 10.45 17.03 3.873 10.4102 -0.6054 358 8.6302 2.7
290 15.035 25.03 5.036 10.16 -0.6025 358 8.7097 2.7
291 15.085 19.66 10.51 8.3755 -0.5996 358 8.7917 2.7
292 13.09 18.22 7.96 9.6641 -0.5969 358 8.8681 2.7
293 8.905 13.33 4.483 4.818 -0.5948 358 8.9291 2.7
294 8.9 14.79 3.008 7.3591 -0.5927 358 8.9929 2.7
295 9.025 13.77 4.282 9.1385 -0.5901 358 9.0699 2.7
296 5.145 10.68 -0.386 8.9604 -0.5876 358 9.1494 2.7
297 3.51 10.7 -3.685 8.8255 -0.585 358 9.2328 2.7
298 3.86 11.24 -3.516 8.1836 -0.5826 358 9.3164 2.7
299 3.05 8.2 -2.101 7.8286 -0.5862 358 9.3938 2.7
300 3.46 8.75 -1.828 4.145 -0.5781 358 9.4735 2.7
301 4.66 7.6 1.723 7.2564 -0.5759 358 9.5564 2.7
302 -3.29 2.688 -9.27 2.0992 -0.5816 358 9.5618 2.7
303 -8.44 -3.084 -13.8 8.8345 -0.5858 358 9.6349 2.7
304 -7.69 -2.649 -12.73 8.652 -0.5838 358 9.712 2.7
305 -4.615 3.279 -12.51 8.3355 -0.5754 358 9.7968 2.7
306 0.91 10.14 -8.32 7.9903 -0.5729 358 9.9007 2.7
307 4.37 11.97 -3.227 7.8166 -0.5702 358 10.0213 2.7
308 7.84 13.74 1.939 7.4884 -0.5614 358 10.149 2.7
309 9.67 15.71 3.631 6.0111 -0.5589 358 10.2771 2.7
310 8.03 13.5 2.563 4.4401 -0.5562 358 10.4159 2.7
311 8.255 12.04 4.465 2.9555 -0.5537 358 10.5558 2.7
312 4.205 6.581 1.827 5.9389 -0.5516 358 10.6761 2.7
313 3.655 5.984 1.326 3.6547 -0.55 358 10.7737 2.7
314 3.205 4.908 1.498 3.7381 -0.5486 358 10.7919 2.7
315 4.435 6.885 1.982 3.6374 -0.5468 358 10.9092 2.7
316 6.295 9.12 3.473 4.0472 -0.4046 358 0.7277 2.7
317 5.755 7.96 3.552 4.5316 -0.4117 358 0.7268 2.7
318 5.645 9.72 1.574 6.6701 -0.5463 358 0.7334 2.7
319 4.56 9.11 0.009 4.1831 -0.3678 358 0.7413 2.7
320 7.09 11.63 2.55 5.4215 -0.4045 358 0.7277 2.7
321 2.095 4.615 -0.416 4.1703 -0.5522 358 0.7292 2.7
322 3.19 8.18 -1.802 4.2419 -0.3726 358 0.7379 2.7
323 9.645 14.85 4.44 5.1194 -0.3559 358 0.7549 2.7
324 11.01 17.28 4.735 5.9153 -0.3308 358 0.8642 2.7
325 7.94 12.99 2.887 3.8186 -0.3251 358 0.9728 2.7
326 7.87 12.67 3.067 4.2218 -0.5453 358 1.2901 2.7
327 5.975 11.88 0.067 5.7776 -0.353 358 2.438 2.7
328 -0.31 3.145 -3.764 3.257 -0.5506 358 0.7406 2.7
329 0.93 8.42 -6.563 5.5977 -0.5503 358 0.7653 2.7
330 1.725 6.451 -2.996 5.4642 -0.5498 358 0.8443 2.7
331 3.295 9.04 -2.45 5.4658 -0.5492 358 1.0989 2.7
332 4.995 12.34 -2.349 5.4588 -0.5482 358 2.1258 2.7
333 2.665 7.82 -2.491 5.0849 -0.5473 358 3.0651 2.7
334 0.795 5.972 -4.376 5.1494 -0.5527 358 3.75 2.7
335 4.69 11.23 -1.847 5.3799 -0.5445 358 6.9605 2.7
336 1.235 6.134 -3.661 5.3222 -0.5496 358 7.7541 2.7
337 -2.755 -1.176 -4.329 2.474 -0.5495 358 7.757 2.7
338 -2.08 0.04 -4.198 1.9736 -0.5495 358 7.7574 2.7
339 -2.11 0.029 -4.247 2.1951 -0.5495 358 7.7575 2.7
340 -2.725 -1.71 -3.736 1.7457 -0.5495 358 7.7576 2.7
341 -2.695 -1.184 -4.213 2.2924 -0.5494 358 7.7587 2.7
342 -4.235 -3.015 -5.448 1.2687 -0.5494 358 7.7587 2.7
343 -2.325 0.447 -5.101 1.544 -0.5494 358 7.7587 2.7
344 2.62 5.329 -0.089 2.7946 -0.5477 358 7.8138 2.7
345 3.5 7.24 -0.24 2.8802 -0.5468 358 7.843 2.7
346 5.575 8.78 2.37 2.8644 -0.5446 358 7.9161 2.7
347 5.18 8.39 1.972 2.0843 -0.8166 358 0.7241 2.7
348 7.785 12.46 3.105 1.0956 -0.8849 358 0.7241 2.7
349 3.905 6.189 1.617 1.4772 -0.9884 358 0.7241 2.7
350 3 7.04 -1.043 2.9171 -0.5372 358 0.724 2.7
351 -0.915 0.952 -2.776 3.3312 -0.5367 358 0.724 2.7
352 -0.35 1.215 -1.919 3.1437 -0.5425 358 0.724 2.7
353 -0.835 1.052 -2.719 0.5634 -0.5419 358 0.724 2.7
354 0.65 3.755 -2.461 1.8054 -0.5416 358 0.7216 2.7
355 0.09 1.366 -1.186 0.5572 -0.5416 358 0.7216 2.7
356 -0.79 2.027 -3.608 1.0803 -0.5415 358 0.7216 2.7
357 -4.08 0.147 -8.31 3.3407 -0.5478 358 0.7216 2.7
358 -2.495 1.256 -6.247 2.2931 -0.5473 358 0.7216 2.7
359 -0.195 3.227 -3.618 2.568 -0.5463 358 0.7216 2.7
360 2.26 4.626 -0.108 1.8642 -0.5461 358 0.7216 2.7
361 3.175 6.293 0.063 1.5185 -0.5457 358 0.7216 2.7
362 0.585 1.908 -0.736 0.5813 -0.5457 358 0.7216 2.7
363 -0.425 1.128 -1.975 1.9162 -0.545 358 0.7216 2.7
364 1.095 3.732 -1.537 0.7371 -0.545 358 0.7216 2.7
365 2.99 4.885 1.09 4.2739 -0.5431 358 0.7216 2.7
