year	patch	cohort	dbh	hite	pft	dens	bd	ba	avgRG
2003	1	1	21.1	0	11	0.0008	0	0	-999
2003	1	2	9.3	0	11	0.0008	0	0	-999
2003	1	3	9.2	0	11	0.0008	0	0	-999
2003	1	4	11.8	0	11	0.0008	0	0	-999
2003	1	5	16.1	0	11	0.0008	0	0	-999
2003	1	6	15.5	0	11	0.0008	0	0	-999
2003	1	7	10.1	0	11	0.0008	0	0	-999
2003	1	8	11.1	0	11	0.0008	0	0	-999
2003	1	9	8.1	0	11	0.0008	0	0	-999
2003	1	10	12.1	0	11	0.0008	0	0	-999
2003	1	11	8.3	0	11	0.0008	0	0	-999
2003	1	12	12	0	11	0.0008	0	0	-999
2003	1	13	23	0	11	0.0008	0	0	-999
2003	1	14	18.5	0	11	0.0008	0	0	-999
2003	1	15	16.4	0	11	0.0008	0	0	-999
2003	1	16	10.1	0	11	0.0008	0	0	-999
2003	1	17	8.2	0	11	0.0008	0	0	-999
2003	1	18	14.3	0	11	0.0008	0	0	-999
2003	1	19	17.3	0	11	0.0008	0	0	-999
2003	1	20	7.2	0	11	0.0008	0	0	-999
2003	1	21	14.4	0	11	0.0008	0	0	-999
2003	1	22	12.5	0	11	0.0008	0	0	-999
2003	1	23	20.6	0	11	0.0008	0	0	-999
2003	1	24	9.2	0	11	0.0008	0	0	-999
2003	1	25	12.4	0	11	0.0008	0	0	-999
2003	1	26	21.9	0	11	0.0008	0	0	-999
2003	1	27	23.2	0	11	0.0008	0	0	-999
2003	1	28	15	0	11	0.0008	0	0	-999
2003	1	29	5.7	0	11	0.0008	0	0	-999
2003	1	30	19.2	0	11	0.0008	0	0	-999
2003	1	31	12.5	0	11	0.0008	0	0	-999
2003	1	32	17.5	0	11	0.0008	0	0	-999
2003	1	33	18.5	0	11	0.0008	0	0	-999
2003	1	34	13.1	0	11	0.0008	0	0	-999
2003	1	35	8.4	0	11	0.0008	0	0	-999
2003	1	36	22	0	11	0.0008	0	0	-999
2003	1	37	14.6	0	11	0.0008	0	0	-999
2003	1	38	22.4	0	11	0.0008	0	0	-999
2003	1	39	5.1	0	11	0.0008	0	0	-999
2003	1	40	7.7	0	11	0.0008	0	0	-999
2003	1	41	7	0	11	0.0008	0	0	-999
2003	1	42	7.8	0	11	0.0008	0	0	-999
2003	1	43	7.5	0	11	0.0008	0	0	-999
2003	1	44	6.6	0	11	0.0008	0	0	-999
2003	1	45	12.1	0	11	0.0008	0	0	-999
2003	1	46	8.7	0	11	0.0008	0	0	-999
2003	1	47	9.7	0	11	0.0008	0	0	-999
2003	1	48	7.8	0	11	0.0008	0	0	-999
2003	1	49	12.3	0	11	0.0008	0	0	-999
2003	1	50	5.9	0	11	0.0008	0	0	-999
2003	1	51	17.1	0	11	0.0008	0	0	-999
2003	1	52	15.4	0	11	0.0008	0	0	-999
2003	1	53	15	0	11	0.0008	0	0	-999
2003	1	54	10.4	0	11	0.0008	0	0	-999
2003	1	55	8.8	0	11	0.0008	0	0	-999
2003	1	56	14.4	0	11	0.0008	0	0	-999
2003	1	57	17.5	0	11	0.0008	0	0	-999
2003	1	58	12.5	0	11	0.0008	0	0	-999
2003	1	59	8.6	0	11	0.0008	0	0	-999
2003	1	60	21	0	11	0.0008	0	0	-999
2003	1	61	9.8	0	11	0.0008	0	0	-999
2003	1	62	10.4	0	11	0.0008	0	0	-999
2003	1	63	5.3	0	11	0.0008	0	0	-999
2003	1	64	20.1	0	11	0.0008	0	0	-999
2003	1	65	20.3	0	11	0.0008	0	0	-999
2003	1	66	21.3	0	11	0.0008	0	0	-999
2003	1	67	5.1	0	11	0.0008	0	0	-999
2003	1	68	7.1	0	11	0.0008	0	0	-999
2003	1	69	16.3	0	11	0.0008	0	0	-999
2003	1	70	5.6	0	11	0.0008	0	0	-999
2003	1	71	9	0	11	0.0008	0	0	-999
2003	1	72	11.8	0	11	0.0008	0	0	-999
2003	1	73	4.9	0	11	0.0008	0	0	-999
2003	1	74	6.4	0	11	0.0008	0	0	-999
2003	1	75	13.5	0	11	0.0008	0	0	-999
2003	1	76	29.9	0	10	0.0008	0	0	-999
2003	1	77	32.7	0	10	0.0008	0	0	-999
2003	1	78	24.5	0	10	0.0008	0	0	-999
2003	1	79	26.4	0	10	0.0008	0	0	-999
2003	1	80	28.5	0	10	0.0008	0	0	-999
2003	1	81	17.7	0	10	0.0008	0	0	-999
2003	1	82	39.4	0	10	0.0008	0	0	-999
2003	1	83	12.8	0	10	0.0008	0	0	-999
2003	1	84	27	0	10	0.0008	0	0	-999
2003	1	85	29.3	0	10	0.0008	0	0	-999
2003	1	86	15.9	0	10	0.0008	0	0	-999
2003	1	87	29.1	0	10	0.0008	0	0	-999
2003	1	88	17.9	0	10	0.0008	0	0	-999
2003	1	89	29.1	0	10	0.0008	0	0	-999
2003	1	90	10.9	0	11	0.0008	0	0	-999
2003	1	91	9.5	0	11	0.0008	0	0	-999
2003	1	92	17.5	0	10	0.0008	0	0	-999
2003	1	93	27.5	0	11	0.0008	0	0	-999
2003	1	94	26	0	11	0.0008	0	0	-999
2003	1	95	25.6	0	11	0.0008	0	0	-999
2003	1	96	21.8	0	11	0.0008	0	0	-999
2003	1	97	23.4	0	11	0.0008	0	0	-999
2003	1	98	29	0	11	0.0008	0	0	-999
2003	1	99	24.6	0	11	0.0008	0	0	-999
2003	1	100	17.8	0	11	0.0008	0	0	-999
2003	1	101	28.5	0	11	0.0008	0	0	-999
2003	1	102	22.5	0	11	0.0008	0	0	-999
2003	1	103	27.9	0	11	0.0008	0	0	-999
2003	1	104	26	0	11	0.0008	0	0	-999
2003	1	105	22.4	0	11	0.0008	0	0	-999
2003	1	106	21.8	0	11	0.0008	0	0	-999
2003	1	107	24.5	0	11	0.0008	0	0	-999
2003	1	108	38.2	0	11	0.0008	0	0	-999
2003	1	109	31.7	0	11	0.0008	0	0	-999
2003	1	110	21.5	0	11	0.0008	0	0	-999
2003	1	111	16.2	0	11	0.0008	0	0	-999
2003	1	112	19.5	0	11	0.0008	0	0	-999
2003	1	113	29	0	11	0.0008	0	0	-999
2003	1	114	20.3	0	11	0.0008	0	0	-999
2003	1	115	26	0	11	0.0008	0	0	-999
2003	1	116	23.1	0	11	0.0008	0	0	-999
2003	1	117	20.3	0	11	0.0008	0	0	-999
2003	1	118	23.8	0	11	0.0008	0	0	-999
2003	1	119	20.5	0	11	0.0008	0	0	-999
2003	1	120	21.4	0	11	0.0008	0	0	-999
2003	1	121	19.6	0	11	0.0008	0	0	-999
2003	1	122	22.1	0	11	0.0008	0	0	-999
2003	1	123	20.6	0	11	0.0008	0	0	-999
2003	1	124	17	0	11	0.0008	0	0	-999
2003	1	125	20	0	11	0.0008	0	0	-999
2003	1	126	18	0	11	0.0008	0	0	-999
2003	1	127	26.9	0	11	0.0008	0	0	-999
2003	1	128	23.7	0	11	0.0008	0	0	-999
2003	1	129	28.6	0	11	0.0008	0	0	-999
2003	1	130	22.3	0	11	0.0008	0	0	-999
2003	1	131	23.2	0	11	0.0008	0	0	-999
2003	1	132	23.1	0	11	0.0008	0	0	-999
2003	1	133	22.6	0	11	0.0008	0	0	-999
2003	1	134	22.4	0	11	0.0008	0	0	-999
2003	1	135	24	0	11	0.0008	0	0	-999
2003	1	136	19.1	0	11	0.0008	0	0	-999
2003	1	137	24.8	0	11	0.0008	0	0	-999
2003	2	1	24.9	0	11	0.0008	0	0	-999
2003	2	2	9.7	0	11	0.0008	0	0	-999
2003	2	3	16.8	0	11	0.0008	0	0	-999
2003	2	4	11.6	0	11	0.0008	0	0	-999
2003	2	5	8	0	11	0.0008	0	0	-999
2003	2	6	21	0	11	0.0008	0	0	-999
2003	2	7	23.3	0	11	0.0008	0	0	-999
2003	2	8	7.6	0	11	0.0008	0	0	-999
2003	2	9	25.4	0	11	0.0008	0	0	-999
2003	2	10	29.7	0	11	0.0008	0	0	-999
2003	2	11	26.8	0	11	0.0008	0	0	-999
2003	2	12	18.8	0	11	0.0008	0	0	-999
2003	2	13	22.8	0	11	0.0008	0	0	-999
2003	2	14	23.4	0	11	0.0008	0	0	-999
2003	2	15	11.5	0	11	0.0008	0	0	-999
2003	2	16	19.3	0	11	0.0008	0	0	-999
2003	2	17	18.1	0	11	0.0008	0	0	-999
2003	2	18	21.9	0	11	0.0008	0	0	-999
2003	2	19	23.2	0	11	0.0008	0	0	-999
2003	2	20	12.2	0	11	0.0008	0	0	-999
2003	2	21	7.4	0	11	0.0008	0	0	-999
2003	2	22	8.6	0	11	0.0008	0	0	-999
2003	2	23	23.4	0	11	0.0008	0	0	-999
2003	2	24	14.2	0	11	0.0008	0	0	-999
2003	2	25	27.9	0	11	0.0008	0	0	-999
2003	2	26	17	0	11	0.0008	0	0	-999
2003	2	27	18.7	0	11	0.0008	0	0	-999
2003	2	28	10.6	0	11	0.0008	0	0	-999
2003	2	29	17.3	0	11	0.0008	0	0	-999
2003	2	30	6.8	0	11	0.0008	0	0	-999
2003	2	31	13	0	11	0.0008	0	0	-999
2003	2	32	32.2	0	11	0.0008	0	0	-999
2003	2	33	7.7	0	11	0.0008	0	0	-999
2003	2	34	8	0	11	0.0008	0	0	-999
2003	2	35	19.2	0	11	0.0008	0	0	-999
2003	2	36	16.2	0	11	0.0008	0	0	-999
2003	2	37	5.6	0	11	0.0008	0	0	-999
2003	2	38	8.8	0	11	0.0008	0	0	-999
2003	2	39	6.5	0	11	0.0008	0	0	-999
2003	2	40	11.3	0	11	0.0008	0	0	-999
2003	2	41	8.2	0	11	0.0008	0	0	-999
2003	2	42	6.9	0	11	0.0008	0	0	-999
2003	2	43	9	0	11	0.0008	0	0	-999
2003	2	44	7.2	0	11	0.0008	0	0	-999
2003	2	45	8.4	0	11	0.0008	0	0	-999
2003	2	46	7	0	11	0.0008	0	0	-999
2003	2	47	7.1	0	11	0.0008	0	0	-999
2003	2	48	24.1	0	11	0.0008	0	0	-999
2003	2	49	13.7	0	11	0.0008	0	0	-999
2003	2	50	15.9	0	11	0.0008	0	0	-999
2003	2	51	10.7	0	11	0.0008	0	0	-999
2003	2	52	11.2	0	11	0.0008	0	0	-999
2003	2	53	5.9	0	11	0.0008	0	0	-999
2003	2	54	20.8	0	11	0.0008	0	0	-999
2003	2	55	24	0	11	0.0008	0	0	-999
2003	2	56	12.8	0	11	0.0008	0	0	-999
2003	2	57	7.7	0	11	0.0008	0	0	-999
2003	2	58	10.9	0	11	0.0008	0	0	-999
2003	2	59	10.1	0	11	0.0008	0	0	-999
2003	2	60	11.8	0	11	0.0008	0	0	-999
2003	2	61	20.4	0	11	0.0008	0	0	-999
2003	2	62	20.2	0	11	0.0008	0	0	-999
2003	2	63	26.1	0	11	0.0008	0	0	-999
2003	2	64	7.1	0	11	0.0008	0	0	-999
2003	2	65	24.7	0	11	0.0008	0	0	-999
2003	2	66	21.4	0	11	0.0008	0	0	-999
2003	2	67	16.2	0	11	0.0008	0	0	-999
2003	2	68	13.7	0	11	0.0008	0	0	-999
2003	2	69	7.5	0	11	0.0008	0	0	-999
2003	2	70	18	0	11	0.0008	0	0	-999
2003	2	71	17.1	0	11	0.0008	0	0	-999
2003	2	72	24.1	0	11	0.0008	0	0	-999
2003	2	73	21.2	0	11	0.0008	0	0	-999
2003	2	74	7.2	0	11	0.0008	0	0	-999
2003	2	75	15.6	0	11	0.0008	0	0	-999
2003	2	76	10.3	0	11	0.0008	0	0	-999
2003	2	77	21.1	0	11	0.0008	0	0	-999
2003	2	78	22.4	0	11	0.0008	0	0	-999
2003	2	79	9.2	0	11	0.0008	0	0	-999
2003	2	80	28.6	0	11	0.0008	0	0	-999
2003	2	81	27.9	0	11	0.0008	0	0	-999
2003	2	82	9.8	0	11	0.0008	0	0	-999
2003	2	83	7.3	0	11	0.0008	0	0	-999
2003	2	84	15.6	0	11	0.0008	0	0	-999
2003	2	85	7.9	0	11	0.0008	0	0	-999
2003	2	86	11.9	0	11	0.0008	0	0	-999
2003	2	87	7.7	0	11	0.0008	0	0	-999
2003	2	88	12.8	0	11	0.0008	0	0	-999
2003	2	89	20.4	0	9	0.0008	0	0	-999
2003	2	90	35.7	0	10	0.0008	0	0	-999
2003	2	91	28.1	0	10	0.0008	0	0	-999
2003	2	92	23.8	0	10	0.0008	0	0	-999
2003	2	93	21	0	10	0.0008	0	0	-999
2003	2	94	14.4	0	10	0.0008	0	0	-999
2003	2	95	13.6	0	10	0.0008	0	0	-999
2003	2	96	25.6	0	10	0.0008	0	0	-999
2003	2	97	23.7	0	10	0.0008	0	0	-999
2003	2	98	12.9	0	10	0.0008	0	0	-999
2003	2	99	26.2	0	10	0.0008	0	0	-999
2003	2	100	22.5	0	10	0.0008	0	0	-999
2003	2	101	10.6	0	11	0.0008	0	0	-999
2003	2	102	8.5	0	11	0.0008	0	0	-999
2003	2	103	4.9	0	11	0.0008	0	0	-999
2003	2	104	40	0	10	0.0008	0	0	-999
2003	2	105	31.4	0	11	0.0008	0	0	-999
2003	2	106	45.2	0	11	0.0008	0	0	-999
2003	2	107	22.2	0	11	0.0008	0	0	-999
2003	2	108	21.9	0	11	0.0008	0	0	-999
2003	2	109	20.1	0	11	0.0008	0	0	-999
2003	2	110	18.9	0	11	0.0008	0	0	-999
2003	2	111	24.2	0	11	0.0008	0	0	-999
2003	2	112	30.1	0	11	0.0008	0	0	-999
2003	2	113	32.1	0	11	0.0008	0	0	-999
2003	2	114	24.9	0	11	0.0008	0	0	-999
2003	2	115	30.6	0	11	0.0008	0	0	-999
2003	2	116	30.8	0	11	0.0008	0	0	-999
2003	2	117	36.7	0	11	0.0008	0	0	-999
2003	2	118	42.9	0	11	0.0008	0	0	-999
2003	2	119	28.8	0	11	0.0008	0	0	-999
2003	2	120	14.3	0	11	0.0008	0	0	-999
2003	2	121	33.6	0	11	0.0008	0	0	-999
2003	2	122	30.1	0	11	0.0008	0	0	-999
2003	3	1	27.5	0	11	0.0008	0	0	-999
2003	3	2	21.5	0	11	0.0008	0	0	-999
2003	3	3	25.8	0	11	0.0008	0	0	-999
2003	3	4	17.2	0	11	0.0008	0	0	-999
2003	3	5	20.6	0	11	0.0008	0	0	-999
2003	3	6	19.5	0	11	0.0008	0	0	-999
2003	3	7	18.1	0	11	0.0008	0	0	-999
2003	3	8	9.7	0	11	0.0008	0	0	-999
2003	3	9	23.2	0	11	0.0008	0	0	-999
2003	3	10	10.4	0	11	0.0008	0	0	-999
2003	3	11	21.3	0	11	0.0008	0	0	-999
2003	3	12	25.3	0	11	0.0008	0	0	-999
2003	3	13	13.4	0	11	0.0008	0	0	-999
2003	3	14	21.7	0	11	0.0008	0	0	-999
2003	3	15	17.5	0	11	0.0008	0	0	-999
2003	3	16	21.3	0	11	0.0008	0	0	-999
2003	3	17	13.7	0	11	0.0008	0	0	-999
2003	3	18	30.8	0	11	0.0008	0	0	-999
2003	3	19	19.2	0	11	0.0008	0	0	-999
2003	3	20	8.3	0	11	0.0008	0	0	-999
2003	3	21	17.4	0	11	0.0008	0	0	-999
2003	3	22	17	0	11	0.0008	0	0	-999
2003	3	23	21.3	0	11	0.0008	0	0	-999
2003	3	24	7.8	0	11	0.0008	0	0	-999
2003	3	25	24.1	0	11	0.0008	0	0	-999
2003	3	26	17.9	0	11	0.0008	0	0	-999
2003	3	27	30.3	0	11	0.0008	0	0	-999
2003	3	28	18.2	0	11	0.0008	0	0	-999
2003	3	29	21.1	0	11	0.0008	0	0	-999
2003	3	30	18	0	11	0.0008	0	0	-999
2003	3	31	8.2	0	11	0.0008	0	0	-999
2003	3	32	7.2	0	11	0.0008	0	0	-999
2003	3	33	7.1	0	11	0.0008	0	0	-999
2003	3	34	21	0	11	0.0008	0	0	-999
2003	3	35	18.4	0	11	0.0008	0	0	-999
2003	3	36	11.9	0	11	0.0008	0	0	-999
2003	3	37	16.9	0	11	0.0008	0	0	-999
2003	3	38	8.4	0	11	0.0008	0	0	-999
2003	3	39	26.8	0	11	0.0008	0	0	-999
2003	3	40	18.5	0	11	0.0008	0	0	-999
2003	3	41	6.7	0	11	0.0008	0	0	-999
2003	3	42	5.7	0	11	0.0008	0	0	-999
2003	3	43	15.9	0	11	0.0008	0	0	-999
2003	3	44	19.6	0	11	0.0008	0	0	-999
2003	3	45	12.4	0	11	0.0008	0	0	-999
2003	3	46	24.4	0	11	0.0008	0	0	-999
2003	3	47	11.9	0	11	0.0008	0	0	-999
2003	3	48	37.3	0	11	0.0008	0	0	-999
2003	3	49	15.5	0	11	0.0008	0	0	-999
2003	3	50	15.6	0	11	0.0008	0	0	-999
2003	3	51	25.1	0	11	0.0008	0	0	-999
2003	3	52	15.1	0	11	0.0008	0	0	-999
2003	3	53	8.4	0	11	0.0008	0	0	-999
2003	3	54	19.2	0	11	0.0008	0	0	-999
2003	3	55	10.7	0	11	0.0008	0	0	-999
2003	3	56	13.6	0	11	0.0008	0	0	-999
2003	3	57	12.2	0	11	0.0008	0	0	-999
2003	3	58	29.4	0	11	0.0008	0	0	-999
2003	3	59	18.9	0	11	0.0008	0	0	-999
2003	3	60	16.5	0	11	0.0008	0	0	-999
2003	3	61	26.6	0	11	0.0008	0	0	-999
2003	3	62	23.5	0	11	0.0008	0	0	-999
2003	3	63	25.3	0	11	0.0008	0	0	-999
2003	3	64	20.2	0	11	0.0008	0	0	-999
2003	3	65	17.4	0	11	0.0008	0	0	-999
2003	3	66	21	0	11	0.0008	0	0	-999
2003	3	67	24.6	0	11	0.0008	0	0	-999
2003	3	68	18.2	0	11	0.0008	0	0	-999
2003	3	69	15.1	0	11	0.0008	0	0	-999
2003	3	70	21.1	0	11	0.0008	0	0	-999
2003	3	71	10.1	0	11	0.0008	0	0	-999
2003	3	72	18.4	0	11	0.0008	0	0	-999
2003	3	73	25.6	0	10	0.0008	0	0	-999
2003	3	74	33.7	0	10	0.0008	0	0	-999
2003	3	75	29.1	0	10	0.0008	0	0	-999
2003	3	76	20.3	0	10	0.0008	0	0	-999
2003	3	77	15.6	0	10	0.0008	0	0	-999
2003	3	78	32.6	0	10	0.0008	0	0	-999
2003	3	79	23.6	0	10	0.0008	0	0	-999
2003	3	80	34.7	0	10	0.0008	0	0	-999
2003	3	81	25.2	0	10	0.0008	0	0	-999
2003	3	82	28.9	0	10	0.0008	0	0	-999
2003	3	83	30.2	0	11	0.0008	0	0	-999
2003	3	84	33.3	0	11	0.0008	0	0	-999
2003	3	85	26.7	0	11	0.0008	0	0	-999
2003	3	86	21.8	0	11	0.0008	0	0	-999
2003	3	87	22.5	0	11	0.0008	0	0	-999
2003	3	88	17.1	0	11	0.0008	0	0	-999
2003	3	89	34.1	0	11	0.0008	0	0	-999
2003	3	90	26.8	0	11	0.0008	0	0	-999
2003	3	91	27.2	0	11	0.0008	0	0	-999
2003	3	92	32.5	0	11	0.0008	0	0	-999
2003	3	93	27.1	0	11	0.0008	0	0	-999
2003	3	94	24.9	0	11	0.0008	0	0	-999
2003	3	95	17.9	0	11	0.0008	0	0	-999
2003	3	96	18	0	11	0.0008	0	0	-999
2003	3	97	16	0	11	0.0008	0	0	-999
2003	3	98	20.3	0	11	0.0008	0	0	-999
2003	3	99	26.4	0	11	0.0008	0	0	-999
2003	3	100	29.9	0	11	0.0008	0	0	-999
2003	3	101	32	0	11	0.0008	0	0	-999
2003	3	102	29.3	0	11	0.0008	0	0	-999
2003	3	103	26.9	0	11	0.0008	0	0	-999
2003	3	104	25.6	0	11	0.0008	0	0	-999
2003	3	105	22	0	11	0.0008	0	0	-999
2003	4	1	14.2	0	11	0.0008	0	0	-999
2003	4	2	29.6	0	11	0.0008	0	0	-999
2003	4	3	22	0	11	0.0008	0	0	-999
2003	4	4	9	0	11	0.0008	0	0	-999
2003	4	5	15.4	0	11	0.0008	0	0	-999
2003	4	6	22.4	0	11	0.0008	0	0	-999
2003	4	7	12	0	11	0.0008	0	0	-999
2003	4	8	12.2	0	11	0.0008	0	0	-999
2003	4	9	23.5	0	11	0.0008	0	0	-999
2003	4	10	12.5	0	11	0.0008	0	0	-999
2003	4	11	19.9	0	11	0.0008	0	0	-999
2003	4	12	26.7	0	11	0.0008	0	0	-999
2003	4	13	7.6	0	11	0.0008	0	0	-999
2003	4	14	7.7	0	11	0.0008	0	0	-999
2003	4	15	6.7	0	11	0.0008	0	0	-999
2003	4	16	19.1	0	11	0.0008	0	0	-999
2003	4	17	17.1	0	11	0.0008	0	0	-999
2003	4	18	13.3	0	11	0.0008	0	0	-999
2003	4	19	19.5	0	11	0.0008	0	0	-999
2003	4	20	10.1	0	11	0.0008	0	0	-999
2003	4	21	19.4	0	11	0.0008	0	0	-999
2003	4	22	9.1	0	11	0.0008	0	0	-999
2003	4	23	5.5	0	11	0.0008	0	0	-999
2003	4	24	10.5	0	11	0.0008	0	0	-999
2003	4	25	9.5	0	11	0.0008	0	0	-999
2003	4	26	11.1	0	11	0.0008	0	0	-999
2003	4	27	5.5	0	11	0.0008	0	0	-999
2003	4	28	33.3	0	11	0.0008	0	0	-999
2003	4	29	4.5	0	11	0.0008	0	0	-999
2003	4	30	30.1	0	11	0.0008	0	0	-999
2003	4	31	28	0	11	0.0008	0	0	-999
2003	4	32	6.5	0	11	0.0008	0	0	-999
2003	4	33	12.4	0	11	0.0008	0	0	-999
2003	4	34	16.3	0	11	0.0008	0	0	-999
2003	4	35	6.7	0	11	0.0008	0	0	-999
2003	4	36	24.1	0	11	0.0008	0	0	-999
2003	4	37	4.7	0	11	0.0008	0	0	-999
2003	4	38	13.5	0	11	0.0008	0	0	-999
2003	4	39	7.5	0	11	0.0008	0	0	-999
2003	4	40	8.8	0	11	0.0008	0	0	-999
2003	4	41	8.7	0	11	0.0008	0	0	-999
2003	4	42	8.6	0	11	0.0008	0	0	-999
2003	4	43	8.2	0	11	0.0008	0	0	-999
2003	4	44	23.9	0	11	0.0008	0	0	-999
2003	4	45	5.7	0	11	0.0008	0	0	-999
2003	4	46	4.4	0	11	0.0008	0	0	-999
2003	4	47	9.1	0	11	0.0008	0	0	-999
2003	4	48	23.3	0	11	0.0008	0	0	-999
2003	4	49	17.1	0	11	0.0008	0	0	-999
2003	4	50	20	0	11	0.0008	0	0	-999
2003	4	51	24.2	0	11	0.0008	0	0	-999
2003	4	52	7.3	0	11	0.0008	0	0	-999
2003	4	53	17.3	0	11	0.0008	0	0	-999
2003	4	54	4.8	0	11	0.0008	0	0	-999
2003	4	55	18.2	0	11	0.0008	0	0	-999
2003	4	56	27.3	0	11	0.0008	0	0	-999
2003	4	57	14.5	0	11	0.0008	0	0	-999
2003	4	58	9	0	11	0.0008	0	0	-999
2003	4	59	14.8	0	11	0.0008	0	0	-999
2003	4	60	5.3	0	11	0.0008	0	0	-999
2003	4	61	5.8	0	11	0.0008	0	0	-999
2003	4	62	24.3	0	11	0.0008	0	0	-999
2003	4	63	18.5	0	11	0.0008	0	0	-999
2003	4	64	5.9	0	11	0.0008	0	0	-999
2003	4	65	5.5	0	11	0.0008	0	0	-999
2003	4	66	15.9	0	11	0.0008	0	0	-999
2003	4	67	31.7	0	11	0.0008	0	0	-999
2003	4	68	7.7	0	11	0.0008	0	0	-999
2003	4	69	7.2	0	11	0.0008	0	0	-999
2003	4	70	12.8	0	11	0.0008	0	0	-999
2003	4	71	25	0	11	0.0008	0	0	-999
2003	4	72	11.1	0	11	0.0008	0	0	-999
2003	4	73	22.9	0	11	0.0008	0	0	-999
2003	4	74	28.9	0	11	0.0008	0	0	-999
2003	4	75	24.6	0	11	0.0008	0	0	-999
2003	4	76	6.3	0	11	0.0008	0	0	-999
2003	4	77	28.9	0	11	0.0008	0	0	-999
2003	4	78	21	0	11	0.0008	0	0	-999
2003	4	79	38.8	0	9	0.0008	0	0	-999
2003	4	80	37.7	0	10	0.0008	0	0	-999
2003	4	81	34.9	0	10	0.0008	0	0	-999
2003	4	82	23.6	0	10	0.0008	0	0	-999
2003	4	83	12.9	0	11	0.0008	0	0	-999
2003	4	84	9	0	11	0.0008	0	0	-999
2003	4	85	12.9	0	11	0.0008	0	0	-999
2003	4	86	8.8	0	11	0.0008	0	0	-999
2003	4	87	34.6	0	10	0.0008	0	0	-999
2003	4	88	38.2	0	10	0.0008	0	0	-999
2003	4	89	57.8	0	10	0.0008	0	0	-999
2003	4	90	68.1	0	10	0.0008	0	0	-999
2003	4	91	23.5	0	11	0.0008	0	0	-999
2003	4	92	26.5	0	11	0.0008	0	0	-999
2003	4	93	26.8	0	11	0.0008	0	0	-999
2003	4	94	20.8	0	11	0.0008	0	0	-999
2003	4	95	24.2	0	11	0.0008	0	0	-999
2003	4	96	26.5	0	11	0.0008	0	0	-999
2003	4	97	23.5	0	11	0.0008	0	0	-999
2003	4	98	23.2	0	11	0.0008	0	0	-999
2003	4	99	22.5	0	11	0.0008	0	0	-999
2003	4	100	24.3	0	11	0.0008	0	0	-999
2003	4	101	20.9	0	11	0.0008	0	0	-999
2003	4	102	20.4	0	11	0.0008	0	0	-999
2003	4	103	19	0	11	0.0008	0	0	-999
2003	4	104	16.9	0	11	0.0008	0	0	-999
2003	4	105	19.7	0	11	0.0008	0	0	-999
2003	4	106	22.4	0	11	0.0008	0	0	-999
2003	4	107	16.3	0	11	0.0008	0	0	-999
2003	4	108	27	0	11	0.0008	0	0	-999
2003	4	109	15.1	0	11	0.0008	0	0	-999
2003	4	110	35.2	0	11	0.0008	0	0	-999
2003	4	111	21.3	0	11	0.0008	0	0	-999
2003	5	1	2.5	0	8	0.0008	0	0	-999
2003	5	2	2.5	0	8	0.0008	0	0	-999
2003	5	3	2.5	0	8	0.0008	0	0	-999
2003	5	4	2.7	0	8	0.0008	0	0	-999
2003	5	5	2.7	0	8	0.0008	0	0	-999
2003	5	6	2.8	0	8	0.0008	0	0	-999
2003	5	7	2.8	0	8	0.0008	0	0	-999
2003	5	8	2.9	0	8	0.0008	0	0	-999
2003	5	9	2.9	0	8	0.0008	0	0	-999
2003	5	10	3	0	8	0.0008	0	0	-999
2003	5	11	3	0	8	0.0008	0	0	-999
2003	5	12	3.1	0	8	0.0008	0	0	-999
2003	5	13	3.1	0	8	0.0008	0	0	-999
2003	5	14	3.2	0	8	0.0008	0	0	-999
2003	5	15	3.2	0	8	0.0008	0	0	-999
2003	5	16	3.2	0	8	0.0008	0	0	-999
2003	5	17	3.3	0	8	0.0008	0	0	-999
2003	5	18	3.4	0	8	0.0008	0	0	-999
2003	5	19	3.5	0	8	0.0008	0	0	-999
2003	5	20	3.5	0	8	0.0008	0	0	-999
2003	5	21	3.5	0	8	0.0008	0	0	-999
2003	5	22	3.6	0	8	0.0008	0	0	-999
2003	5	23	3.7	0	8	0.0008	0	0	-999
2003	5	24	3.8	0	8	0.0008	0	0	-999
2003	5	25	3.8	0	8	0.0008	0	0	-999
2003	5	26	4	0	8	0.0008	0	0	-999
2003	5	27	4	0	8	0.0008	0	0	-999
2003	5	28	4.1	0	8	0.0008	0	0	-999
2003	5	29	4.4	0	8	0.0008	0	0	-999
2003	5	30	4.4	0	8	0.0008	0	0	-999
2003	5	31	4.5	0	8	0.0008	0	0	-999
2003	5	32	4.5	0	8	0.0008	0	0	-999
2003	5	33	4.6	0	8	0.0008	0	0	-999
2003	5	34	4.7	0	8	0.0008	0	0	-999
2003	5	35	4.8	0	8	0.0008	0	0	-999
2003	5	36	4.8	0	8	0.0008	0	0	-999
2003	5	37	4.9	0	8	0.0008	0	0	-999
2003	5	38	5.1	0	8	0.0008	0	0	-999
2003	5	39	5.3	0	8	0.0008	0	0	-999
2003	5	40	5.3	0	8	0.0008	0	0	-999
2003	5	41	5.4	0	8	0.0008	0	0	-999
2003	5	42	5.6	0	8	0.0008	0	0	-999
2003	5	43	5.6	0	8	0.0008	0	0	-999
2003	5	44	6.2	0	8	0.0008	0	0	-999
2003	5	45	6.4	0	8	0.0008	0	0	-999
2003	5	46	6.7	0	8	0.0008	0	0	-999
2003	5	47	7.7	0	8	0.0008	0	0	-999
2003	5	48	7.9	0	8	0.0008	0	0	-999
2003	5	49	9.4	0	8	0.0008	0	0	-999
2003	5	50	9.4	0	8	0.0008	0	0	-999
2003	5	51	9.9	0	8	0.0008	0	0	-999
2003	5	52	10.4	0	8	0.0008	0	0	-999
2003	5	53	10.6	0	8	0.0008	0	0	-999
2003	5	54	10.8	0	8	0.0008	0	0	-999
2003	5	55	10.8	0	8	0.0008	0	0	-999
2003	5	56	11	0	8	0.0008	0	0	-999
2003	5	57	11.6	0	8	0.0008	0	0	-999
2003	5	58	11.6	0	8	0.0008	0	0	-999
2003	5	59	12.2	0	8	0.0008	0	0	-999
2003	5	60	14.6	0	8	0.0008	0	0	-999
2003	5	61	17	0	8	0.0008	0	0	-999
2003	5	62	17.4	0	8	0.0008	0	0	-999
2003	5	63	18.5	0	8	0.0008	0	0	-999
2003	5	64	27.5	0	8	0.0008	0	0	-999
2003	5	65	4.1	0	11	0.0008	0	0	-999
2003	5	66	4.8	0	11	0.0008	0	0	-999
2003	5	67	5	0	11	0.0008	0	0	-999
2003	5	68	5.6	0	11	0.0008	0	0	-999
2003	5	69	10.6	0	11	0.0008	0	0	-999
2003	5	70	12.1	0	11	0.0008	0	0	-999
2003	5	71	12.1	0	11	0.0008	0	0	-999
2003	5	72	13	0	11	0.0008	0	0	-999
2003	5	73	14.5	0	11	0.0008	0	0	-999
2003	5	74	14.5	0	11	0.0008	0	0	-999
2003	5	75	15.2	0	11	0.0008	0	0	-999
2003	5	76	16.4	0	11	0.0008	0	0	-999
2003	5	77	16.4	0	11	0.0008	0	0	-999
2003	5	78	17.5	0	11	0.0008	0	0	-999
2003	5	79	18.9	0	11	0.0008	0	0	-999
2003	5	80	19.8	0	11	0.0008	0	0	-999
2003	5	81	20.6	0	11	0.0008	0	0	-999
2003	5	82	20.9	0	11	0.0008	0	0	-999
2003	5	83	23.1	0	11	0.0008	0	0	-999
2003	5	84	23.5	0	11	0.0008	0	0	-999
2003	5	85	23.5	0	11	0.0008	0	0	-999
2003	5	86	26.2	0	11	0.0008	0	0	-999
2003	5	87	27.3	0	11	0.0008	0	0	-999
2003	5	88	27.8	0	11	0.0008	0	0	-999
2003	5	89	28.9	0	11	0.0008	0	0	-999
2003	5	90	32.5	0	11	0.0008	0	0	-999
2003	5	91	34.7	0	11	0.0008	0	0	-999
2003	5	92	5.4	0	11	0.0008	0	0	-999
2003	5	93	5.6	0	11	0.0008	0	0	-999
2003	5	94	7.3	0	11	0.0008	0	0	-999
2003	5	95	9.8	0	11	0.0008	0	0	-999
2003	5	96	10.7	0	11	0.0008	0	0	-999
2003	5	97	10.8	0	11	0.0008	0	0	-999
2003	5	98	11	0	11	0.0008	0	0	-999
2003	5	99	12.4	0	11	0.0008	0	0	-999
2003	5	100	12.5	0	11	0.0008	0	0	-999
2003	5	101	12.6	0	11	0.0008	0	0	-999
2003	5	102	14.2	0	11	0.0008	0	0	-999
2003	5	103	15.1	0	11	0.0008	0	0	-999
2003	5	104	15.2	0	11	0.0008	0	0	-999
2003	5	105	16.2	0	11	0.0008	0	0	-999
2003	5	106	16.8	0	11	0.0008	0	0	-999
2003	5	107	18.4	0	11	0.0008	0	0	-999
2003	5	108	19.1	0	11	0.0008	0	0	-999
2003	5	109	22.6	0	11	0.0008	0	0	-999
2003	5	110	30.4	0	11	0.0008	0	0	-999
2003	5	111	39.1	0	11	0.0008	0	0	-999
2003	5	112	3.2	0	11	0.0008	0	0	-999
2003	5	113	3.9	0	11	0.0008	0	0	-999
2003	5	114	6.7	0	11	0.0008	0	0	-999
2003	5	115	7.5	0	11	0.0008	0	0	-999
2003	5	116	9.1	0	9	0.0008	0	0	-999
2003	5	117	9.8	0	9	0.0008	0	0	-999
2003	5	118	12.7	0	9	0.0008	0	0	-999
2003	5	119	13.2	0	9	0.0008	0	0	-999
2003	5	120	13.3	0	9	0.0008	0	0	-999
2003	5	121	14	0	9	0.0008	0	0	-999
2003	5	122	14.2	0	9	0.0008	0	0	-999
2003	5	123	16.6	0	9	0.0008	0	0	-999
2003	5	124	17.1	0	9	0.0008	0	0	-999
2003	5	125	17.6	0	9	0.0008	0	0	-999
2003	5	126	18.8	0	9	0.0008	0	0	-999
2003	5	127	18.8	0	9	0.0008	0	0	-999
2003	5	128	18.9	0	9	0.0008	0	0	-999
2003	5	129	20.2	0	9	0.0008	0	0	-999
2003	5	130	20.3	0	9	0.0008	0	0	-999
2003	5	131	21.4	0	9	0.0008	0	0	-999
2003	5	132	22.4	0	9	0.0008	0	0	-999
2003	5	133	22.9	0	9	0.0008	0	0	-999
2003	5	134	23.2	0	9	0.0008	0	0	-999
2003	5	135	23.2	0	9	0.0008	0	0	-999
2003	5	136	23.5	0	9	0.0008	0	0	-999
2003	5	137	23.8	0	9	0.0008	0	0	-999
2003	5	138	24.6	0	9	0.0008	0	0	-999
2003	5	139	25.5	0	9	0.0008	0	0	-999
2003	5	140	26.7	0	9	0.0008	0	0	-999
2003	5	141	26.9	0	9	0.0008	0	0	-999
2003	5	142	27.6	0	9	0.0008	0	0	-999
2003	5	143	27.8	0	9	0.0008	0	0	-999
2003	5	144	29.9	0	9	0.0008	0	0	-999
2003	5	145	30.8	0	9	0.0008	0	0	-999
2003	5	146	32.2	0	9	0.0008	0	0	-999
2003	5	147	32.4	0	9	0.0008	0	0	-999
2003	5	148	32.7	0	9	0.0008	0	0	-999
2003	5	149	36.1	0	9	0.0008	0	0	-999
2003	5	150	42.6	0	9	0.0008	0	0	-999
2003	5	151	43	0	9	0.0008	0	0	-999
2003	6	1	2.7	0	8	0.0008	0	0	-999
2003	6	2	2.8	0	8	0.0008	0	0	-999
2003	6	3	2.9	0	8	0.0008	0	0	-999
2003	6	4	3	0	8	0.0008	0	0	-999
2003	6	5	3	0	8	0.0008	0	0	-999
2003	6	6	3	0	8	0.0008	0	0	-999
2003	6	7	3	0	8	0.0008	0	0	-999
2003	6	8	3	0	8	0.0008	0	0	-999
2003	6	9	3.1	0	8	0.0008	0	0	-999
2003	6	10	3.1	0	8	0.0008	0	0	-999
2003	6	11	3.2	0	8	0.0008	0	0	-999
2003	6	12	3.3	0	8	0.0008	0	0	-999
2003	6	13	3.3	0	8	0.0008	0	0	-999
2003	6	14	3.3	0	8	0.0008	0	0	-999
2003	6	15	3.4	0	8	0.0008	0	0	-999
2003	6	16	3.4	0	8	0.0008	0	0	-999
2003	6	17	3.4	0	8	0.0008	0	0	-999
2003	6	18	3.5	0	8	0.0008	0	0	-999
2003	6	19	3.5	0	8	0.0008	0	0	-999
2003	6	20	3.5	0	8	0.0008	0	0	-999
2003	6	21	3.6	0	8	0.0008	0	0	-999
2003	6	22	3.6	0	8	0.0008	0	0	-999
2003	6	23	3.7	0	8	0.0008	0	0	-999
2003	6	24	4.1	0	8	0.0008	0	0	-999
2003	6	25	4.6	0	8	0.0008	0	0	-999
2003	6	26	5	0	8	0.0008	0	0	-999
2003	6	27	5.1	0	8	0.0008	0	0	-999
2003	6	28	5.3	0	8	0.0008	0	0	-999
2003	6	29	5.7	0	8	0.0008	0	0	-999
2003	6	30	5.8	0	8	0.0008	0	0	-999
2003	6	31	6.3	0	8	0.0008	0	0	-999
2003	6	32	6.4	0	8	0.0008	0	0	-999
2003	6	33	6.7	0	8	0.0008	0	0	-999
2003	6	34	6.7	0	8	0.0008	0	0	-999
2003	6	35	6.7	0	8	0.0008	0	0	-999
2003	6	36	7.5	0	8	0.0008	0	0	-999
2003	6	37	7.5	0	8	0.0008	0	0	-999
2003	6	38	7.7	0	8	0.0008	0	0	-999
2003	6	39	8	0	8	0.0008	0	0	-999
2003	6	40	8.5	0	8	0.0008	0	0	-999
2003	6	41	8.5	0	8	0.0008	0	0	-999
2003	6	42	8.6	0	8	0.0008	0	0	-999
2003	6	43	8.9	0	8	0.0008	0	0	-999
2003	6	44	9.3	0	8	0.0008	0	0	-999
2003	6	45	10	0	8	0.0008	0	0	-999
2003	6	46	10.1	0	8	0.0008	0	0	-999
2003	6	47	10.3	0	8	0.0008	0	0	-999
2003	6	48	10.4	0	8	0.0008	0	0	-999
2003	6	49	10.7	0	8	0.0008	0	0	-999
2003	6	50	10.7	0	8	0.0008	0	0	-999
2003	6	51	10.7	0	8	0.0008	0	0	-999
2003	6	52	10.8	0	8	0.0008	0	0	-999
2003	6	53	11	0	8	0.0008	0	0	-999
2003	6	54	11.1	0	8	0.0008	0	0	-999
2003	6	55	11.2	0	8	0.0008	0	0	-999
2003	6	56	11.4	0	8	0.0008	0	0	-999
2003	6	57	11.5	0	8	0.0008	0	0	-999
2003	6	58	11.7	0	8	0.0008	0	0	-999
2003	6	59	13.4	0	8	0.0008	0	0	-999
2003	6	60	13.5	0	8	0.0008	0	0	-999
2003	6	61	14.5	0	8	0.0008	0	0	-999
2003	6	62	16.1	0	8	0.0008	0	0	-999
2003	6	63	16.2	0	8	0.0008	0	0	-999
2003	6	64	16.7	0	8	0.0008	0	0	-999
2003	6	65	16.9	0	8	0.0008	0	0	-999
2003	6	66	17.6	0	8	0.0008	0	0	-999
2003	6	67	17.8	0	8	0.0008	0	0	-999
2003	6	68	18	0	8	0.0008	0	0	-999
2003	6	69	18.8	0	8	0.0008	0	0	-999
2003	6	70	19	0	8	0.0008	0	0	-999
2003	6	71	19.9	0	8	0.0008	0	0	-999
2003	6	72	10.5	0	11	0.0008	0	0	-999
2003	6	73	11.6	0	11	0.0008	0	0	-999
2003	6	74	12.4	0	11	0.0008	0	0	-999
2003	6	75	13.6	0	11	0.0008	0	0	-999
2003	6	76	14.2	0	11	0.0008	0	0	-999
2003	6	77	17.1	0	11	0.0008	0	0	-999
2003	6	78	19.5	0	11	0.0008	0	0	-999
2003	6	79	21.1	0	11	0.0008	0	0	-999
2003	6	80	22.2	0	11	0.0008	0	0	-999
2003	6	81	26.5	0	11	0.0008	0	0	-999
2003	6	82	10.5	0	11	0.0008	0	0	-999
2003	6	83	12.8	0	11	0.0008	0	0	-999
2003	6	84	14.2	0	11	0.0008	0	0	-999
2003	6	85	17.1	0	11	0.0008	0	0	-999
2003	6	86	4.9	0	11	0.0008	0	0	-999
2003	6	87	10.9	0	9	0.0008	0	0	-999
2003	6	88	14.2	0	9	0.0008	0	0	-999
2003	6	89	14.8	0	9	0.0008	0	0	-999
2003	6	90	28.2	0	9	0.0008	0	0	-999
2003	6	91	10.5	0	11	0.0008	0	0	-999
2003	6	92	8.7	0	9	0.0008	0	0	-999
2003	6	93	13	0	9	0.0008	0	0	-999
2003	6	94	17.2	0	9	0.0008	0	0	-999
2003	6	95	18	0	9	0.0008	0	0	-999
2003	6	96	20.6	0	9	0.0008	0	0	-999
2003	6	97	21.5	0	9	0.0008	0	0	-999
2003	6	98	24.8	0	9	0.0008	0	0	-999
2003	6	99	30.3	0	9	0.0008	0	0	-999
2003	6	100	31.2	0	9	0.0008	0	0	-999
2003	6	101	30.2	0	9	0.0008	0	0	-999
2003	6	102	5.2	0	9	0.0008	0	0	-999
2003	6	103	10.7	0	9	0.0008	0	0	-999
2003	6	104	11	0	9	0.0008	0	0	-999
2003	6	105	12.8	0	9	0.0008	0	0	-999
2003	6	106	12.9	0	9	0.0008	0	0	-999
2003	6	107	13.2	0	9	0.0008	0	0	-999
2003	6	108	13.3	0	9	0.0008	0	0	-999
2003	6	109	13.5	0	9	0.0008	0	0	-999
2003	6	110	14.4	0	9	0.0008	0	0	-999
2003	6	111	14.4	0	9	0.0008	0	0	-999
2003	6	112	15	0	9	0.0008	0	0	-999
2003	6	113	15.1	0	9	0.0008	0	0	-999
2003	6	114	15.3	0	9	0.0008	0	0	-999
2003	6	115	15.7	0	9	0.0008	0	0	-999
2003	6	116	16	0	9	0.0008	0	0	-999
2003	6	117	16.5	0	9	0.0008	0	0	-999
2003	6	118	16.9	0	9	0.0008	0	0	-999
2003	6	119	17.4	0	9	0.0008	0	0	-999
2003	6	120	17.6	0	9	0.0008	0	0	-999
2003	6	121	17.6	0	9	0.0008	0	0	-999
2003	6	122	17.7	0	9	0.0008	0	0	-999
2003	6	123	17.7	0	9	0.0008	0	0	-999
2003	6	124	17.7	0	9	0.0008	0	0	-999
2003	6	125	17.9	0	9	0.0008	0	0	-999
2003	6	126	18.2	0	9	0.0008	0	0	-999
2003	6	127	18.7	0	9	0.0008	0	0	-999
2003	6	128	18.9	0	9	0.0008	0	0	-999
2003	6	129	19.7	0	9	0.0008	0	0	-999
2003	6	130	19.8	0	9	0.0008	0	0	-999
2003	6	131	20.1	0	9	0.0008	0	0	-999
2003	6	132	20.3	0	9	0.0008	0	0	-999
2003	6	133	20.5	0	9	0.0008	0	0	-999
2003	6	134	21.4	0	9	0.0008	0	0	-999
2003	6	135	21.5	0	9	0.0008	0	0	-999
2003	6	136	21.9	0	9	0.0008	0	0	-999
2003	6	137	22.2	0	9	0.0008	0	0	-999
2003	6	138	22.2	0	9	0.0008	0	0	-999
2003	6	139	23.1	0	9	0.0008	0	0	-999
2003	6	140	23.3	0	9	0.0008	0	0	-999
2003	6	141	23.7	0	9	0.0008	0	0	-999
2003	6	142	23.8	0	9	0.0008	0	0	-999
2003	6	143	23.8	0	9	0.0008	0	0	-999
2003	6	144	24.1	0	9	0.0008	0	0	-999
2003	6	145	24.2	0	9	0.0008	0	0	-999
2003	6	146	24.3	0	9	0.0008	0	0	-999
2003	6	147	24.7	0	9	0.0008	0	0	-999
2003	6	148	24.9	0	9	0.0008	0	0	-999
2003	6	149	25.5	0	9	0.0008	0	0	-999
2003	6	150	25.6	0	9	0.0008	0	0	-999
2003	6	151	25.6	0	9	0.0008	0	0	-999
2003	6	152	26	0	9	0.0008	0	0	-999
2003	6	153	26.3	0	9	0.0008	0	0	-999
2003	6	154	26.4	0	9	0.0008	0	0	-999
2003	6	155	26.4	0	9	0.0008	0	0	-999
2003	6	156	26.7	0	9	0.0008	0	0	-999
2003	6	157	26.8	0	9	0.0008	0	0	-999
2003	6	158	26.9	0	9	0.0008	0	0	-999
2003	6	159	27.5	0	9	0.0008	0	0	-999
2003	6	160	28.3	0	9	0.0008	0	0	-999
2003	6	161	28.5	0	9	0.0008	0	0	-999
2003	6	162	29.3	0	9	0.0008	0	0	-999
2003	6	163	30	0	9	0.0008	0	0	-999
2003	6	164	30.1	0	9	0.0008	0	0	-999
2003	6	165	31.3	0	9	0.0008	0	0	-999
2003	7	1	6.6	0	11	0.0008	0	0	-999
2003	7	2	2.6	0	11	0.0008	0	0	-999
2003	7	3	3.2	0	11	0.0008	0	0	-999
2003	7	4	2.6	0	11	0.0008	0	0	-999
2003	7	5	2.5	0	11	0.0008	0	0	-999
2003	7	6	2.7	0	11	0.0008	0	0	-999
2003	7	7	3.1	0	11	0.0008	0	0	-999
2003	7	8	14	0	11	0.0008	0	0	-999
2003	7	9	4	0	11	0.0008	0	0	-999
2003	7	10	5.5	0	11	0.0008	0	0	-999
2003	7	11	10	0	9	0.0008	0	0	-999
2003	7	12	6	0	9	0.0008	0	0	-999
2003	7	13	5.5	0	9	0.0008	0	0	-999
2003	7	14	3	0	9	0.0008	0	0	-999
2003	7	15	10.6	0	9	0.0008	0	0	-999
2003	7	16	3.5	0	9	0.0008	0	0	-999
2003	7	17	7.1	0	9	0.0008	0	0	-999
2003	7	18	3.7	0	9	0.0008	0	0	-999
2003	7	19	8.2	0	9	0.0008	0	0	-999
2003	7	20	3.2	0	9	0.0008	0	0	-999
2003	7	21	10.1	0	9	0.0008	0	0	-999
2003	7	22	7.6	0	9	0.0008	0	0	-999
2003	7	23	10.3	0	9	0.0008	0	0	-999
2003	7	24	5.8	0	9	0.0008	0	0	-999
2003	7	25	9.4	0	9	0.0008	0	0	-999
2003	7	26	5	0	9	0.0008	0	0	-999
2003	7	27	6.1	0	9	0.0008	0	0	-999
2003	7	28	7	0	9	0.0008	0	0	-999
2003	7	29	7.3	0	9	0.0008	0	0	-999
2003	7	30	7.1	0	9	0.0008	0	0	-999
2003	7	31	7.9	0	9	0.0008	0	0	-999
2003	7	32	12	0	9	0.0008	0	0	-999
2003	7	33	8.4	0	9	0.0008	0	0	-999
2003	7	34	15.5	0	9	0.0008	0	0	-999
2003	7	35	8.4	0	9	0.0008	0	0	-999
2003	7	36	6.5	0	9	0.0008	0	0	-999
2003	7	37	7.4	0	9	0.0008	0	0	-999
2003	7	38	6.5	0	9	0.0008	0	0	-999
2003	7	39	4.3	0	9	0.0008	0	0	-999
2003	7	40	14.6	0	9	0.0008	0	0	-999
2003	7	41	6.3	0	9	0.0008	0	0	-999
2003	7	42	8	0	9	0.0008	0	0	-999
2003	7	43	11.1	0	9	0.0008	0	0	-999
2003	7	44	5	0	9	0.0008	0	0	-999
2003	7	45	4.3	0	9	0.0008	0	0	-999
2003	7	46	5.4	0	9	0.0008	0	0	-999
2003	7	47	4.6	0	9	0.0008	0	0	-999
2003	7	48	15	0	9	0.0008	0	0	-999
2003	7	49	4.1	0	9	0.0008	0	0	-999
2003	7	50	6.1	0	9	0.0008	0	0	-999
2003	7	51	5.8	0	9	0.0008	0	0	-999
2003	7	52	6.7	0	9	0.0008	0	0	-999
2003	7	53	5.5	0	9	0.0008	0	0	-999
2003	7	54	6.3	0	9	0.0008	0	0	-999
2003	7	55	6.1	0	9	0.0008	0	0	-999
2003	7	56	8.5	0	9	0.0008	0	0	-999
2003	7	57	7	0	9	0.0008	0	0	-999
2003	7	58	7.5	0	9	0.0008	0	0	-999
2003	7	59	8.5	0	9	0.0008	0	0	-999
2003	7	60	13.6	0	9	0.0008	0	0	-999
2003	7	61	7.3	0	9	0.0008	0	0	-999
2003	7	62	6.6	0	9	0.0008	0	0	-999
2003	7	63	16.7	0	9	0.0008	0	0	-999
2003	7	64	5.1	0	9	0.0008	0	0	-999
2003	7	65	14.3	0	9	0.0008	0	0	-999
2003	7	66	4.2	0	9	0.0008	0	0	-999
2003	7	67	12.7	0	9	0.0008	0	0	-999
2003	7	68	5.3	0	9	0.0008	0	0	-999
2003	7	69	4.9	0	9	0.0008	0	0	-999
2003	7	70	7.1	0	9	0.0008	0	0	-999
2003	7	71	4.9	0	9	0.0008	0	0	-999
2003	7	72	8.7	0	9	0.0008	0	0	-999
2003	7	73	6.6	0	9	0.0008	0	0	-999
2003	7	74	5.8	0	9	0.0008	0	0	-999
2003	7	75	12.7	0	9	0.0008	0	0	-999
2003	7	76	6.1	0	9	0.0008	0	0	-999
2003	7	77	12.1	0	9	0.0008	0	0	-999
2003	7	78	9.5	0	9	0.0008	0	0	-999
2003	7	79	5.9	0	9	0.0008	0	0	-999
2003	7	80	7.9	0	9	0.0008	0	0	-999
2003	7	81	10.1	0	9	0.0008	0	0	-999
2003	7	82	11.7	0	9	0.0008	0	0	-999
2003	7	83	7.3	0	9	0.0008	0	0	-999
2003	7	84	13.7	0	9	0.0008	0	0	-999
2003	7	85	8.9	0	9	0.0008	0	0	-999
2003	7	86	6.2	0	9	0.0008	0	0	-999
2003	7	87	12.5	0	9	0.0008	0	0	-999
2003	7	88	10	0	9	0.0008	0	0	-999
2003	7	89	5.6	0	9	0.0008	0	0	-999
2003	7	90	6.2	0	9	0.0008	0	0	-999
2003	7	91	11.5	0	9	0.0008	0	0	-999
2003	7	92	15.2	0	9	0.0008	0	0	-999
2003	7	93	15	0	9	0.0008	0	0	-999
2003	7	94	7.2	0	9	0.0008	0	0	-999
2003	7	95	15.3	0	9	0.0008	0	0	-999
2003	7	96	3.5	0	9	0.0008	0	0	-999
2003	7	97	4.7	0	9	0.0008	0	0	-999
2003	7	98	5.2	0	9	0.0008	0	0	-999
2003	7	99	7	0	9	0.0008	0	0	-999
2003	7	100	10.9	0	9	0.0008	0	0	-999
2003	7	101	4.9	0	9	0.0008	0	0	-999
2003	7	102	4.4	0	10	0.0008	0	0	-999
2003	8	1	3.1	0	11	0.0008	0	0	-999
2003	8	2	4.1	0	11	0.0008	0	0	-999
2003	8	3	5.9	0	11	0.0008	0	0	-999
2003	8	4	4.3	0	11	0.0008	0	0	-999
2003	8	5	8.2	0	11	0.0008	0	0	-999
2003	8	6	4.3	0	11	0.0008	0	0	-999
2003	8	7	3.2	0	11	0.0008	0	0	-999
2003	8	8	5.3	0	11	0.0008	0	0	-999
2003	8	9	5.5	0	11	0.0008	0	0	-999
2003	8	10	3.8	0	11	0.0008	0	0	-999
2003	8	11	5.5	0	11	0.0008	0	0	-999
2003	8	12	6.4	0	11	0.0008	0	0	-999
2003	8	13	4	0	11	0.0008	0	0	-999
2003	8	14	7	0	11	0.0008	0	0	-999
2003	8	15	5.1	0	11	0.0008	0	0	-999
2003	8	16	6.1	0	11	0.0008	0	0	-999
2003	8	17	4.4	0	11	0.0008	0	0	-999
2003	8	18	4.3	0	11	0.0008	0	0	-999
2003	8	19	7.2	0	11	0.0008	0	0	-999
2003	8	20	4.5	0	11	0.0008	0	0	-999
2003	8	21	5.5	0	11	0.0008	0	0	-999
2003	8	22	5.1	0	11	0.0008	0	0	-999
2003	8	23	4.7	0	11	0.0008	0	0	-999
2003	8	24	5.9	0	11	0.0008	0	0	-999
2003	8	25	5	0	11	0.0008	0	0	-999
2003	8	26	4.2	0	11	0.0008	0	0	-999
2003	8	27	6.6	0	11	0.0008	0	0	-999
2003	8	28	4.8	0	11	0.0008	0	0	-999
2003	8	29	6.8	0	11	0.0008	0	0	-999
2003	8	30	3.1	0	11	0.0008	0	0	-999
2003	8	31	3	0	11	0.0008	0	0	-999
2003	8	32	9.1	0	9	0.0008	0	0	-999
2003	8	33	7.6	0	9	0.0008	0	0	-999
2003	8	34	5.8	0	9	0.0008	0	0	-999
2003	8	35	9.1	0	9	0.0008	0	0	-999
2003	8	36	5.9	0	9	0.0008	0	0	-999
2003	8	37	7.8	0	9	0.0008	0	0	-999
2003	8	38	11.7	0	9	0.0008	0	0	-999
2003	8	39	14.4	0	9	0.0008	0	0	-999
2003	8	40	8.7	0	9	0.0008	0	0	-999
2003	8	41	14.6	0	9	0.0008	0	0	-999
2003	8	42	10.4	0	9	0.0008	0	0	-999
2003	8	43	11	0	9	0.0008	0	0	-999
2003	8	44	8.2	0	9	0.0008	0	0	-999
2003	8	45	12.6	0	9	0.0008	0	0	-999
2003	8	46	5.1	0	9	0.0008	0	0	-999
2003	8	47	9.4	0	9	0.0008	0	0	-999
2003	8	48	15.2	0	9	0.0008	0	0	-999
2003	8	49	5.9	0	9	0.0008	0	0	-999
2003	8	50	12.4	0	9	0.0008	0	0	-999
2003	8	51	9	0	9	0.0008	0	0	-999
2003	8	52	9.9	0	9	0.0008	0	0	-999
2003	8	53	9.3	0	9	0.0008	0	0	-999
2003	8	54	13	0	9	0.0008	0	0	-999
2003	8	55	7.6	0	9	0.0008	0	0	-999
2003	8	56	14.1	0	9	0.0008	0	0	-999
2003	8	57	12.6	0	9	0.0008	0	0	-999
2003	8	58	15.6	0	9	0.0008	0	0	-999
2003	8	59	6.9	0	9	0.0008	0	0	-999
2003	8	60	5.2	0	9	0.0008	0	0	-999
2003	8	61	8.1	0	9	0.0008	0	0	-999
2003	8	62	13.5	0	9	0.0008	0	0	-999
2003	8	63	11.8	0	9	0.0008	0	0	-999
2003	8	64	13.5	0	9	0.0008	0	0	-999
2003	8	65	13.7	0	9	0.0008	0	0	-999
2003	8	66	13.3	0	9	0.0008	0	0	-999
2003	8	67	7.6	0	9	0.0008	0	0	-999
2003	8	68	6.1	0	9	0.0008	0	0	-999
2003	8	69	10.5	0	9	0.0008	0	0	-999
2003	8	70	7.4	0	9	0.0008	0	0	-999
2003	8	71	10.5	0	9	0.0008	0	0	-999
2003	8	72	12.4	0	9	0.0008	0	0	-999
2003	8	73	11.5	0	9	0.0008	0	0	-999
2003	8	74	8.2	0	9	0.0008	0	0	-999
2003	8	75	6.2	0	9	0.0008	0	0	-999
2003	8	76	7.5	0	9	0.0008	0	0	-999
2003	8	77	10.1	0	9	0.0008	0	0	-999
2003	8	78	8.8	0	9	0.0008	0	0	-999
2003	8	79	5.1	0	9	0.0008	0	0	-999
2003	8	80	6.1	0	9	0.0008	0	0	-999
2003	8	81	8.5	0	9	0.0008	0	0	-999
2003	8	82	8.7	0	9	0.0008	0	0	-999
2003	8	83	5.2	0	9	0.0008	0	0	-999
2003	8	84	6.9	0	9	0.0008	0	0	-999
2003	8	85	6	0	9	0.0008	0	0	-999
2003	8	86	4.8	0	9	0.0008	0	0	-999
2003	8	87	6.1	0	9	0.0008	0	0	-999
2003	8	88	15.5	0	9	0.0008	0	0	-999
2003	8	89	10.8	0	9	0.0008	0	0	-999
2003	8	90	6.8	0	9	0.0008	0	0	-999
2003	8	91	5.1	0	9	0.0008	0	0	-999
2003	8	92	7.8	0	9	0.0008	0	0	-999
2003	8	93	10.8	0	9	0.0008	0	0	-999
2003	8	94	12.2	0	9	0.0008	0	0	-999
2003	8	95	6.7	0	9	0.0008	0	0	-999
2003	8	96	11.6	0	9	0.0008	0	0	-999
