NSPEC= 72
BMSPEC= 10
  3 5 44 33 47 60 50 16 69 29
ABIES BALSAMEA          2386. 0560.545254.521200.  68.85          FFTFF   8    1
 .165  -25 10 2.79 219.77 .00179 -0.6 1.0 440. .804 .069 1.0 3.
ABIES FRASERI           2763. 2663.336367.262200.  152.40. 0.  0. FFTFF   8    2
 .025   -7 10 2.79 219.77 .00179 -0.6 1.0 440. .804 .069 1.0 3.
ACER RUBRUM             6600. 1260.286357.262150.  176.13.12.0200.FTTTF 100    3
 .230  -18  2 2.79 219.77 .00179 -0.6 1.0 440. .814 .078 1.0 1.
ACER SACCHARINUM        4700. 1600.198847.722125.  212.31.6.  50. FTTFT  20    4
 .268  -12  2 2.79 219.77 .00179 -0.6 1.0 440. .814 .078 1.0 1.
ACER SACCHARUM          3100. 1222.127238.171300.  88.983.12.0 80.FFTFF 140    5
 .080  -18  2 2.94 117.52 .00234 -1.2 1.3 440. .814 .078 1.0 1.
BETULA LENTA            3066. 1402.349052.351265.  71.  3. 12.100.FTTTF  20    6
 .177   -2  4 2.94 117.52 .00234 -1.2 1.3 248. .804 .069 0.8 1.
CARYA CORDIFORMIS       5076. 1910.286357.261300.  88.051.12.0200.TFTFF  20    7
 .320  -12  4 2.94 117.52 .00234 -1.2 1.3 248. .804 .069 0.8 1.
CARYA GLABRA            6960. 1910.286357.261300.  88.052.12.0200.TFTFF  20    8
 .200   -7  4 2.94 117.52 .00234 -1.2 1.3 248. .804 .069 0.8 1.
CARYA LACINIOSA         4615. 2493.286357.261300.  88.052.12. 90. TFTFF  20    9
 .220   -4  4 2.94 117.52 .00234 -1.2 1.3 248. .804 .069 0.8 1.
CARYA OVATA             5500. 1670.286357.261275.  96.051.12.0200.TFTFF  20   10
 .200   -7  4 2.94 117.52 .00234 -1.2 1.3 248. .804 .069 0.8 1.
CARYA TEXANA            5076. 2660.286357.261300.  88.052.12. 110.TFTFF  20   11
 .478   -1  4 2.94 117.52 .00234 -1.2 1.3 248. .804 .069 0.8 1.
CARYA TOMENTOSA         5993. 1910.266353.261300.  82.631.12.0200.TFTFF  20   12
 .300   -4  4 2.94 117.52 .00234 -1.2 1.3 248. .804 .069 0.8 1.
CASTANEA DENTATA        4571. 1910.149544.841300.  102.63.12. 200.TFFFF  20   13
 .300   -2  2 2.99 207.43 .00175 -5.0 2.9 440. .814 .078 1.0 1.
CELTIS LAEVIGATA        6960. 2660.509076.351200.  131.02.6.  115.TFFFF  20   14
 .085   -1  2 2.99 207.43 .00175 -5.0 2.9 440. .814 .078 1.0 1.
CORNUS FLORIDA          5993. 1910.1.3869.041100.  92.603.12.0200.FFTFF  20   15
 .250   -4  1 2.99 207.43 .00175 -5.0 2.9 440. .814 .078 1.0 1.
FAGUS GRANDIFOLIA       5537. 1326.286357.261366.  72.172. 6.0 30.FFTFF  40   16
 .200  -12  8 2.94 117.52 .00234 -1.2 1.3 440. .904 .095 1.0 1.
FRAXINUS AMERICANA      5993. 1398.286357.261300.  88.052. 6.0 20.FTTTF  40   17
 .280  -12  2 2.99 207.43 .00175 -5.0 2.9 440. .428 .074 1.0 1.
FRAXINUS NIGRA          2261. 1000.236347.262300.  74.512.6.  20. FFFTT  40   18
 .022  -18  2 2.99 207.43 .00175 -5.0 2.9 440. .428 .074 1.0 1.
FRAXINUS PENNSYLVANICA  5482. 1050.286357.262150.  176.01.6.  50. FTFFF  40   19
 .114  -23  2 2.99 207.43 .00175 -5.0 2.9 440. .428 .074 1.0 1.
PRUNUS PENSYLVANICA     2500.  560.1.2670.602 30.  200.00. 0.0  0.FFFFF 600   20
 .160  -23  3 2.79 219.77 .00179 -0.6 1.0 173. .729 .044 0.5 1.
JUGLANS CINEREA         3267. 1870.286357.262100.  264.11. 6.  12.FTTFF  20   21
 .200  -12  9 2.94 117.52 .00234 -1.2 1.3 440. .428 .074 1.0 1.
JUGLANS NIGRA           4571. 1910.149544.842250.  123.11. 6.0 20.TFTFT  20   22
 .300   -8  9 2.94 117.52 .00234 -1.2 1.3 440. .428 .074 1.0 1.
JUNIPERUS VIRGINIANA    5537. 1721.331249.682300.  60.32 .        FTFFT  20   23
 .397  -10  6 2.79 219.77 .00179 -0.6 1.0 440. .804 .069 1.0 2.
LIQUIDAMBAR STYRACIFLUA 5993. 2660.215253.812250.  122.62.12.0 80.FFFTF  20   24
 .300   -1  2 2.99 207.43 .00175 -5.0 2.9 440. .814 .078 1.0 1.
LIRIODENDRON TULIPIFERA 5993. 2300.149544.842300.  102.62.12.0200.FTFFT 400   25
 .160   -2  2 2.99 207.43 .00175 -5.0 2.9 440. .814 .078 1.0 1.
CARPINUS CAROLINIANA    6011. 1344.1.3869.041150.  61.742. 6.0 70.FFFFF  20   26
 .300  -12  9 2.99 207.43 .00175 -5.0 2.9 173. .729 .044 0.5 1.
PICEA GLAUCA            1911. 280. 710590.961200.  132.3          FFFFF  16   27
 .309  -30 11 2.79 219.77 .00179 -0.6 1.0 440. .804 .069 1.0 3.
PICEA MARIANA           1911. 247. 1.1693.151250.  70.491.10. 20. FFTFF   8   28
 .270  -30 11 2.79 219.77 .00179 -0.6 1.0 440. .804 .069 1.0 3.
PICEA RUBENS            2562. 1247.291258.231300.  89.340. 0.  0. FTTFF   8   29
 .237  -12 11 2.79 219.77 .00179 -0.6 1.0 440. .804 .069 1.0 3.
PINUS BANKSIANA         2216. 830. 945294.522150.  145.5          FFTTF 140   30
 .411  -30 12 2.79 219.77 .00179 -0.6 1.0 440. .804 .069 1.0 2.
PINUS ECHINATA          5076. 2660.286357.262300.  88.052. 6.0 20.FTFFF  20   31
 .423   -1 12 2.79 219.77 .00179 -0.6 1.0 440. .804 .069 1.0 2.
PINUS RESINOSA          2035. 1100.420163.012310.  71.44          FTTFF 140   32
 .385  -20 12 2.79 219.77 .00179 -0.6 1.0 440. .804 .069 1.0 2.
PINUS STROBUS           3165. 1100.149544.842450.  68.37 .        TTTFF 140   33
 .310  -20 12 2.79 219.77 .00179 -0.6 1.0 440. .804 .069 1.0 2.
PINUS TAEDA             5993. 3165.291258.232250.  107.20.0.  0.  FTFFF 500   34
 .360    4 12 2.79 219.77 .00179 -0.6 1.0 440. .804 .069 1.0 2.
PINUS VIRGINIANA        3671. 2660.545254.522250.  55.08 .        FTFFT 350   35
 .226   -3 12 2.79 219.77 .00179 -0.6 1.0 440. .804 .069 1.0 2.
PLATANUS OCCIDENTALIS   5482. 1926.109838.432500.  61.742.6.  50. FTTFT  20   36
 .120   -7  5 2.94 117.52 .00234 -1.2 1.3 440. .904 .095 1.0 1.
QUERCUS ALBA            5537. 1721.336367.261400.  76.192.12.0 40.TFFFF  40   37
 .330  -12  5 2.94 117.52 .00234 -1.2 1.3 440. .904 .095 1.0 1.
QUERCUS COCCINEA        4571. 2037.420163.011400.  55.372.12.0 80.TFFFF  20   38
 .286   -7  5 2.79 219.77 .00179 -0.6 1.0 440. .904 .095 1.0 1.
QUERCUS FALCATA         5993. 2660.336367.261400.  76.192.12.0 30.TFFFF  20   39
 .423    2  9 2.94 117.52 .00234 -1.2 1.3 440. .904 .095 1.0 1.
QUERCUS LYRATA          5315. 2926.369259.082250.  88.781.6.  12. TTTTF  20   40
 .031    4  5 2.79 219.77 .00179 -0.6 1.0 440. .904 .095 1.0 1.
QUERCUS MARILANDICA     5537. 2493.545254.522400.  34.  2.12. 40. FFFFF  20   41
 .422   -1  9 2.79 219.77 .00179 -0.6 1.0 440. .904 .095 1.0 1.
QUERCUS NUTTALLII       5260. 3371.420163.012250.  88.591.6.  12. TFTFT  20   42
 .030    4  9 2.79 219.77 .00179 -0.6 1.0 440. .904 .095 1.0 1.
QUERCUS PRINUS          4110. 1910.286357.261267.  98.932.12.0 40.TFFFF  20   43
 .285   -7  9 2.79 219.77 .00179 -0.6 1.0 440. .904 .095 1.0 1.
QUERCUS RUBRA           4571. 1100.286357.261400.  66.032.12.0 40.TFFFF  40   44
 .225  -17  9 2.94 117.52 .00234 -1.2 1.3 440. .904 .095 1.0 1.
QUERCUS SHUMARDII       5993. 2493.336367.262300.  101.62.12. 160.FTFFF  20   45
 .484   -3  9 2.79 219.77 .00179 -0.6 1.0 440. .904 .095 1.0 1.
QUERCUS STELLATA        5993. 2660.420163.012400.  55.372.12.0 30.TFFFF  20   46
 .555   -4  5 2.79 219.77 .00179 -0.6 1.0 440. .904 .095 1.0 1.
QUERCUS VELUTINA        5076. 1810.286357.261300.  88.052.12.0 40.FTFFF  20   47
 .300  -10  9 2.79 219.77 .00179 -0.6 1.0 440. .904 .095 1.0 1.
TILIA AMERICANA         3137. 1400.286357.261140.  188.73.12. 80. FFFTF  20   48
 .200  -17  2 2.99 207.43 .00175 -5.0 2.9 440. .814 .078 1.0 1.
TILIA HETEROPHYLLA      4571. 2660.286357.261150.  176.13.12.0 80.FTTFF  20   49
 .211   -1  2 2.99 207.43 .00175 -5.0 2.9 440. .814 .078 1.0 1.
TSUGA CANADENSIS        3800. 1324.149544.841650.  47.  0. 0. 0.  FFTTF   8   50
 .180  -12  6 2.79 219.77 .00179 -0.6 1.0 440. .804 .069 1.0 3.
ULMUS ALATA             5993. 2660.331249.682125.  144.81.6.  110.FFFFF  20   51
 .300    2  5 2.79 219.77 .00179 -0.6 1.0 440. .804 .069 1.0 1.
ULMUS AMERICANA         6960. 1204.369259.082300.  73.982.6.  240.FFTFF  20   52
 .330  -20  5 2.94 117.52 .00234 -1.2 1.3 440. .804 .069 1.0 1.
AESCULUS OCTANDRA       3671. 2660.286357.261100.  264.11.12.0200.TFTFF  20   53
 .175   -1  5 2.99 207.43 .00175 -5.0 2.9 440. .804 .069 1.0 1.
BETULA POPULIFOLIA      2880. 1007.1.3869.042250.  37.041. 10. 30.FTFTF  20   54
 .130  -11  4 2.79 219.77 .00179 -0.6 1.0 248. .804 .069 0.8 1.
BETULA PAPYRIFERA       2036.  484.236347.262140.  159.71. 10. 30.FTTTF 120   55
 .280  -28  4 2.79 219.77 .00179 -0.6 1.0 248. .804 .069 0.8 1.
FRAXINUS QUADRANGULATA  3733. 2246.286357.262300.  88.052.  6. 20.FTFTF  20   56
 .200   -4  2 2.99 207.43 .00175 -5.0 2.9 440. .428 .074 1.0 1.
LARIX LARICINA          2660.  280.420163.012335.  66.110.  0.  0.FTTTT   8   57
 .267  -29 12 2.79 219.77 .00179 -0.6 1.0 440. .804 .069 1.0 1.
POPULUS BALSAMIFERA     2491.  555.420163.012150.  147.63. 20.200.FFTFF 200   58
 .267  -30  7 2.79 219.77 .00179 -0.6 1.0 248. .804 .069 0.5 1.
POPULUS GRANDIDENTATA   3169. 1100.420163.012 70.  316.42.  2. 70.FFFTT 200   59
 .267  -18  7 2.79 219.77 .00179 -0.6 1.0 248. .804 .069 0.5 1.
POPULUS TREMULOIDES     2461.  743.366855.012125.  157.83. 20.150.FFFFF 200   60
 .267  -30  7 2.79 219.77 .00179 -0.6 1.0 248. .804 .069 0.5 1.
QUERCUS MACROCARPA      5153. 1700.369259.081300.  73.982. 10. 30.TTFFF  20   61
 .350  -20  5 2.79 219.77 .00179 -0.6 1.0 440. .904 .095 1.0 1.
QUERCUS MUEHLENBERGII   4849. 1958.286357.262300.  88.052. 10. 30.TTFFF  20   62
 .300   -7  9 2.94 117.52 .00234 -1.2 1.3 440. .904 .095 1.0 1.
QUERCUS PALUSTRIS       5153. 2217.420163.012200.  110.73. 10.100.TTTFT  20   63
 .013   -6  9 2.79 219.77 .00179 -0.6 1.0 440. .904 .095 1.0 1.
QUERCUS VIRGINIANA      6674. 4849.082824.841300.  61.843. 10.150.TTTFF  20   64
 .512    7  5 2.79 219.77 .00179 -0.6 1.0 440. .904 .095 1.0 1.
THUJA OCCIDENTALIS      2188. 1000.230346.041400.  54.63.   5.400.TTTTF   8   65
 .350  -20  6 2.79 219.77 .00179 -0.6 1.0 248. .804 .069 1.0 3.
NYSSA SYLVATICA         6960. 1910.286357.262300.  88.051.80.0200.FTFFF  20   66
 .301   -2  2 2.99 207.43 .00175 -5.0 2.9 440. .814 .078 1.0 1.
OSTRYA VIRGINIANA       5556. 1278.545254.521100.  137.72. 6.0 20.FTFFF  20   67
 .280  -18  9 2.94 117.52 .00234 -1.2 1.3 173. .729 .044 0.5 1.
PRUNUS SEROTINA         5993. 2132.286357.262200.  132.13.12.0200.FFFTF  20   68
 .300  -10  3 2.99 207.43 .00175 -5.0 2.9 173. .729 .044 0.5 1.
BETULA ALLEGENESIS      2500. 1100.501376.401250.  106.43.12.0100.FFTTF 120   69
 .200  -18  4 2.94 117.52 .00234 -1.2 1.3 248. .804 .069 0.8 1.
PINUS RIGIDA            3100. 1940.331249.682200.  90.492. 6.0 20.FTFFF  20   70
 .307   -7 12 2.79 219.77 .00179 -0.6 1.0 440. .804 .069 1.0 1.
QUERCUS ELLIPSOIDALIS   2234. 2000.420163.012200.  110.73.12. 200.FTFTF  20   71
 .280 -15.  9 2.79 219.77 .00179 -0.6 1.0 440. .904 .095 1.0 1.
QUERCUS BOREALIS        3250. 1100.945294.522250.  87.332.12.  40.TFFFF  40   72
 .225 -17.  9 2.79 219.77 .00179 -0.6 1.0 440. .904 .095 1.0 1.
NLVAR = 10 NLT = 17
 0. .0068 .0251 .0183  1. 1. .039  .5217 .336 .90
 0. .0076 .0315 .0239  2. 1. .121  .5219 .400 .90
 0. .0109 .0574 .0465  3. 1. .193  .7787 .508 .92
 0. .0106 .0377 .0271  4. 1. .158  .6693 .435 .92
 0. .0079 .0256 .0177  5. 1. .187  .5194 .315 .93
 0. .0081 .0286 .0205  6. 1. .206  .6839 .475 .96
 0. .0085 .0336 .0251  7. 1. .214  .7059 .460 .94
 0. .0057 .0477 .0420  8. 1. .241 1.1967 .790 .91
 0. .0090 .0341 .0251  9. 1. .248  .6105 .359 .95
 0. .0056 .0326 .0270 10. 1. .280  .5926 .383 .97
 0. .0063 .0220 .0157 11. 1. .216  .9052 .594 .97
 0. .0046 .0163 .0117 12. 1. .283  .5646 .327 .96
 0. .0096 .0284 .0188 13. 1. .253  .7000 .456 .98
 0. .0038 .0195 .0157 14. 2. .173  .4831 .299 .99
 0. .0038 .0195 .0157 15. 2. .173  .4831 .299 .99
 0. .0038 .0195 .0157 16. 1. .173  .4831 .299 .96
 0. .0050 .0364 .0314 17. 1. .423  .7222 .299 .99
NCOHRT = 1
74. 1.640             18. 0.
