0 97
1.083669
0.1418347
0 97
1.092909
0.1464545
0 97
0.8322896
0.01614481
0 97
0.9236984
0.06184922
0 97
0.8318909
0.01594547
0 97
1.01911
0.109555
0 97
1.075079
0.1375396
0 97
0.810706
0.005353018
0 97
0.950718
0.07537901
0 97
0.9756631
0.08783155
0 97
1.033964
0.1169819
0 97
0.8779943
0.03899717
0 97
1.000035
0.1000174
0 97
0.8140903
0.00704517
0 97
0.9301599
0.06507997
0 97
0.8670041
0.03350204
0 97
1.05961
0.1298048
0 97
0.9636347
0.08181737
0 97
1.0783
0.1391499
0 97
0.8596498
0.02982488
0 97
1.018274
0.1091372
