0 101
0
0
0.007959195
0.003583105
0 101
0
0
0.007596945
0.003625752
0 101
0
0
0.007915662
0.003616812
0 101
0
0
0.007623793
0.003691619
0 101
0
0
0.007669611
0.003612367
0 101
0
0
0.006461616
0.00360836
0 101
0
0
0.007272915
0.003611646
0 101
0
0
0.007499366
0.003757121
0 101
0
0
0.007085791
0.003577369
0 101
0
0
0.007647141
0.003745895
0 101
0
0
0.007606016
0.003620707
0 101
0
0
0.006478626
0.003733431
0 101
0
0
0.007454164
0.003606992
0 101
0
0
0.008005703
0.003453758
0 101
0
0
0.007111806
0.003546578
0 101
0
0
0.006994011
0.00360108
0 101
0
0
0.007327128
0.003681543
0 101
0
0
0.007017843
0.003468633
0 101
0
0
0.007240231
0.003651893
0 101
0
0
0.007357309
0.003580464
0 101
0
0
0.007806024
0.003604298
0 101
0
0
0.007478134
0.003944024
0 101
0
0
0.007818436
0.003387034
0 101
0
0
0.007070897
0.003502499
0 101
0
0
0.006879945
0.003318322
0 101
0
0
0.007735929
0.003556803
0 101
0
0
0.007309703
0.003774495
0 101
0
0
0.007843083
0.003882805
0 101
0
0
0.006585794
0.003622685
0 101
0
0
0.007776455
0.003633726
0 101
0
0
0.007558459
0.003744825
0 101
0
0
0.007637513
0.00345995
0 101
0
0
0.008052473
0.003590858
0 101
0
0
0.007753583
0.003529592
0 101
0
0
0.00780397
0.003678184
0 101
0
0
0.007463657
0.003417423
0 101
0
0
0.006889044
0.003507111
0 101
0
0
0.00746946
0.003542658
0 101
0
0
0.007084104
0.003637378
0 101
0
0
0.007428776
0.003418613
0 101
0
0
0.00737404
0.003543263
0 101
0
0
0.007035345
0.003844754
0 101
0
0
0.00775887
0.003686443
0 101
0
0
0.007218109
0.003561095
0 101
0
0
0.006640329
0.003579463
0 101
0
0
0.007137055
0.003921201
0 101
0
0
0.007641441
0.003539226
0 101
0
0
0.00819181
0.00354002
0 101
0
0
0.007043752
0.003608968
0 101
0
0
0.007636223
0.003422059
0 101
0
0
0.007327934
0.003866393
0 101
0
0
0.008230352
0.003753573
0 101
0
0
0.006942214
0.003585605
0 101
0
0
0.007134182
0.003877528
0 101
0
0
0.00781986
0.003554466
0 101
0
0
0.00695829
0.003719339
0 101
0
0
0.006983252
0.003838491
0 101
0
0
0.007394577
0.003637491
0 101
0
0
0.007527685
0.003785441
0 101
0
0
0.007682544
0.003504239
0 101
0
0
0.007031945
0.003576049
0 101
0
0
0.006816124
0.003953181
0 101
0
0
0.007183201
0.003647994
0 101
0
0
0.007457134
0.00363019
