     0        357
   0.0000000000000000     
   0.0000000000000000     
  3.66263000000000005E-003
  3.73857000000000009E-003
     0        357
   0.0000000000000000     
   0.0000000000000000     
  3.65469800000000006E-003
  3.73857000000000009E-003
     0        357
   0.0000000000000000     
   0.0000000000000000     
  3.65457700000000000E-003
  3.73857000000000009E-003
     0        357
   0.0000000000000000     
   0.0000000000000000     
  3.65752300000000020E-003
  3.73857000000000009E-003
     0        357
   0.0000000000000000     
   0.0000000000000000     
  3.65222200000000011E-003
  3.73857000000000009E-003
     0        357
   0.0000000000000000     
   0.0000000000000000     
  3.64777600000000014E-003
  3.73857000000000009E-003
     0        357
   0.0000000000000000     
   0.0000000000000000     
  3.66912500000000008E-003
  3.73857000000000009E-003
     0        357
   0.0000000000000000     
   0.0000000000000000     
  3.67274100000000020E-003
  3.73857000000000009E-003
     0        357
   0.0000000000000000     
   0.0000000000000000     
  3.63778600000000006E-003
  3.73857000000000009E-003
     0        357
   0.0000000000000000     
   0.0000000000000000     
  3.67146500000000006E-003
  3.73857000000000009E-003
     0        357
   0.0000000000000000     
   0.0000000000000000     
  3.65360499999999987E-003
  3.73857000000000009E-003
     0        357
   0.0000000000000000     
   0.0000000000000000     
  3.67648100000000011E-003
  3.73857000000000009E-003
     0        357
   0.0000000000000000     
   0.0000000000000000     
  3.63752499999999996E-003
  3.73857000000000009E-003
     0        357
   0.0000000000000000     
   0.0000000000000000     
  3.61470200000000002E-003
  3.73857000000000009E-003
     0        357
   0.0000000000000000     
   0.0000000000000000     
  3.63077900000000021E-003
  3.73857000000000009E-003
     0        357
   0.0000000000000000     
   0.0000000000000000     
  3.64311600000000006E-003
  3.73857000000000009E-003
     0        357
   0.0000000000000000     
   0.0000000000000000     
  3.67204100000000002E-003
  3.73857000000000009E-003
     0        357
   0.0000000000000000     
   0.0000000000000000     
  3.60452300000000010E-003
  3.73857000000000009E-003
     0        357
   0.0000000000000000     
   0.0000000000000000     
  3.65848300000000013E-003
  3.73857000000000009E-003
     0        357
   0.0000000000000000     
   0.0000000000000000     
  3.64113399999999986E-003
  3.73857000000000009E-003
     0        357
   0.0000000000000000     
   0.0000000000000000     
  3.65136100000000010E-003
  3.73857000000000009E-003
     0        357
   0.0000000000000000     
   0.0000000000000000     
  3.69033700000000013E-003
  3.73857000000000009E-003
     0        357
   0.0000000000000000     
   0.0000000000000000     
  3.58329700000000004E-003
  3.73857000000000009E-003
     0        357
   0.0000000000000000     
   0.0000000000000000     
  3.61572100000000013E-003
  3.73857000000000009E-003
     0        357
   0.0000000000000000     
   0.0000000000000000     
  3.53691399999999994E-003
  3.73857000000000009E-003
     0        357
   0.0000000000000000     
   0.0000000000000000     
  3.63954600000000001E-003
  3.73857000000000009E-003
     0        357
   0.0000000000000000     
   0.0000000000000000     
  3.69604600000000014E-003
  3.73857000000000009E-003
     0        357
   0.0000000000000000     
   0.0000000000000000     
  3.68772100000000014E-003
  3.73857000000000009E-003
     0        357
   0.0000000000000000     
   0.0000000000000000     
  3.64531600000000001E-003
  3.73857000000000009E-003
     0        357
   0.0000000000000000     
   0.0000000000000000     
  3.65810400000000013E-003
  3.73857000000000009E-003
     0        357
   0.0000000000000000     
   0.0000000000000000     
  3.67062399999999994E-003
  3.73857000000000009E-003
     0        357
   0.0000000000000000     
   0.0000000000000000     
  3.61020699999999983E-003
  3.73857000000000009E-003
     0        357
   0.0000000000000000     
   0.0000000000000000     
  3.65158799999999988E-003
  3.73857000000000009E-003
     0        357
   0.0000000000000000     
   0.0000000000000000     
  3.63284300000000018E-003
  3.73857000000000009E-003
     0        357
   0.0000000000000000     
   0.0000000000000000     
  3.67930499999999990E-003
  3.73857000000000009E-003
     0        357
   0.0000000000000000     
   0.0000000000000000     
  3.59140799999999993E-003
  3.73857000000000009E-003
     0        357
   0.0000000000000000     
   0.0000000000000000     
  3.61585800000000001E-003
  3.73857000000000009E-003
     0        357
   0.0000000000000000     
   0.0000000000000000     
  3.63284300000000018E-003
  3.73857000000000009E-003
     0        357
   0.0000000000000000     
   0.0000000000000000     
  3.65217699999999994E-003
  3.73857000000000009E-003
     0        357
   0.0000000000000000     
   0.0000000000000000     
  3.59111299999999994E-003
  3.73857000000000009E-003
     0        357
   0.0000000000000000     
   0.0000000000000000     
  3.63204000000000001E-003
  3.73857000000000009E-003
     0        357
   0.0000000000000000     
   0.0000000000000000     
  3.68223399999999994E-003
  3.73857000000000009E-003
     0        357
   0.0000000000000000     
   0.0000000000000000     
  3.65746999999999991E-003
  3.73857000000000009E-003
     0        357
   0.0000000000000000     
   0.0000000000000000     
  3.64377199999999998E-003
  3.73857000000000009E-003
     0        357
   0.0000000000000000     
   0.0000000000000000     
  3.63517099999999998E-003
  3.73857000000000009E-003
     0        357
   0.0000000000000000     
   0.0000000000000000     
  3.68545499999999981E-003
  3.73857000000000009E-003
     0        357
   0.0000000000000000     
   0.0000000000000000     
  3.63429400000000015E-003
  3.73857000000000009E-003
     0        357
   0.0000000000000000     
   0.0000000000000000     
  3.63785299999999992E-003
  3.73857000000000009E-003
     0        357
   0.0000000000000000     
   0.0000000000000000     
  3.64527899999999997E-003
  3.73857000000000009E-003
     0        357
   0.0000000000000000     
   0.0000000000000000     
  3.59672399999999993E-003
  3.73857000000000009E-003
     0        357
   0.0000000000000000     
   0.0000000000000000     
  3.69224899999999988E-003
  3.73857000000000009E-003
     0        357
   0.0000000000000000     
   0.0000000000000000     
  3.67543099999999984E-003
  3.73857000000000009E-003
     0        357
   0.0000000000000000     
   0.0000000000000000     
  3.63903400000000019E-003
  3.73857000000000009E-003
     0        357
   0.0000000000000000     
   0.0000000000000000     
  3.69043600000000006E-003
  3.73857000000000009E-003
     0        357
   0.0000000000000000     
   0.0000000000000000     
  3.63952499999999979E-003
  3.73857000000000009E-003
     0        357
   0.0000000000000000     
   0.0000000000000000     
  3.65778200000000005E-003
  3.73857000000000009E-003
     0        357
   0.0000000000000000     
   0.0000000000000000     
  3.68152699999999998E-003
  3.73857000000000009E-003
     0        357
   0.0000000000000000     
   0.0000000000000000     
  3.65513099999999983E-003
  3.73857000000000009E-003
     0        357
   0.0000000000000000     
   0.0000000000000000     
  3.67712100000000021E-003
  3.73857000000000009E-003
     0        357
   0.0000000000000000     
   0.0000000000000000     
  3.62810300000000014E-003
  3.73857000000000009E-003
     0        357
   0.0000000000000000     
   0.0000000000000000     
  3.63715499999999999E-003
  3.73857000000000009E-003
     0        357
   0.0000000000000000     
   0.0000000000000000     
  3.68975999999999983E-003
  3.73857000000000009E-003
     0        357
   0.0000000000000000     
   0.0000000000000000     
  3.65462800000000004E-003
  3.73857000000000009E-003
     0        357
   0.0000000000000000     
   0.0000000000000000     
  3.65419799999999999E-003
  3.73857000000000009E-003
