%global
    time = "2022-01-01/48"
    
%groundwater
    id = "0"
    
%data
* *	*	watertable
2022	81	1	1.573
2022	81	2	1.574
2022	81	3	1.576
2022	81	4	1.577
2022	81	5	1.579
2022	81	6	1.58
2022	81	7	1.583
2022	81	8	1.585
2022	81	9	1.588
2022	81	10	1.588
2022	81	11	1.59
2022	81	12	1.592
2022	81	13	1.594
2022	81	14	1.594
2022	81	15	1.595
2022	81	16	1.595
2022	81	17	1.594
2022	81	18	1.593
2022	81	19	1.591
2022	81	20	1.588
2022	81	21	1.584
2022	81	22	1.585
2022	81	23	1.59
2022	81	24	1.594
2022	81	25	1.597
2022	81	26	1.6
2022	81	27	1.602
2022	81	28	1.604
2022	81	29	1.608
2022	81	30	1.61
2022	81	31	1.613
2022	81	32	1.615
2022	81	33	1.618
2022	81	34	1.621
2022	81	35	1.623
2022	81	36	1.626
2022	81	37	1.629
2022	81	38	1.632
2022	81	39	1.633
2022	81	40	1.634
2022	81	41	1.637
2022	81	42	1.638
2022	81	43	1.64
2022	81	44	1.642
2022	81	45	1.644
2022	81	46	1.647
2022	81	47	1.649
2022	81	48	1.651
2022	82	1	1.653
2022	82	2	1.656
2022	82	3	1.659
2022	82	4	1.661
2022	82	5	1.663
2022	82	6	1.667
2022	82	7	1.669
2022	82	8	1.671
2022	82	9	1.673
2022	82	10	1.677
2022	82	11	1.677
2022	82	12	1.676
2022	82	13	1.676
2022	82	14	1.678
2022	82	15	1.677
2022	82	16	1.677
2022	82	17	1.674
2022	82	18	1.67
2022	82	19	1.665
2022	82	20	1.661
2022	82	21	1.659
2022	82	22	1.66
2022	82	23	1.665
2022	82	24	1.667
2022	82	25	1.669
2022	82	26	1.669
2022	82	27	1.67
2022	82	28	1.671
2022	82	29	1.671
2022	82	30	1.672
2022	82	31	1.672
2022	82	32	1.672
2022	82	33	1.672
2022	82	34	1.673
2022	82	35	1.673
2022	82	36	1.674
2022	82	37	1.674
2022	82	38	1.675
2022	82	39	1.675
2022	82	40	1.674
2022	82	41	1.674
2022	82	42	1.675
2022	82	43	1.676
2022	82	44	1.678
2022	82	45	1.678
2022	82	46	1.68
2022	82	47	1.681
2022	82	48	1.683
2022	83	1	1.686
2022	83	2	1.688
2022	83	3	1.687
2022	83	4	1.69
2022	83	5	1.691
2022	83	6	1.692
2022	83	7	1.691
2022	83	8	1.694
2022	83	9	1.695
2022	83	10	1.696
2022	83	11	1.698
2022	83	12	1.697
2022	83	13	1.698
2022	83	14	1.698
2022	83	15	1.697
2022	83	16	1.697
2022	83	17	1.695
2022	83	18	1.691
2022	83	19	1.688
2022	83	20	1.686
2022	83	21	1.689
2022	83	22	1.693
2022	83	23	1.696
2022	83	24	1.698
2022	83	25	1.699
2022	83	26	1.7
2022	83	27	1.7
2022	83	28	1.701
2022	83	29	1.702
2022	83	30	1.702
2022	83	31	1.702
2022	83	32	1.704
2022	83	33	1.705
2022	83	34	1.706
2022	83	35	1.708
2022	83	36	1.711
2022	83	37	1.713
2022	83	38	1.716
2022	83	39	1.719
2022	83	40	1.722
2022	83	41	1.723
2022	83	42	1.724
2022	83	43	1.727
2022	83	44	1.728
2022	83	45	1.73
2022	83	46	1.732
2022	83	47	1.734
2022	83	48	1.735
2022	84	1	1.737
2022	84	2	1.74
2022	84	3	1.741
2022	84	4	1.743
2022	84	5	1.746
2022	84	6	1.748
2022	84	7	1.749
2022	84	8	1.751
2022	84	9	1.752
2022	84	10	1.752
2022	84	11	1.752
2022	84	12	1.754
2022	84	13	1.755
2022	84	14	1.758
2022	84	15	1.759
2022	84	16	1.76
2022	84	17	1.763
2022	84	18	1.764
2022	84	19	1.766
2022	84	20	1.766
2022	84	21	1.768
2022	84	22	1.768
2022	84	23	1.771
2022	84	24	1.773
2022	84	25	1.775
2022	84	26	1.777
2022	84	27	1.777
2022	84	28	1.779
2022	84	29	1.782
2022	84	30	1.786
2022	84	31	1.787
2022	84	32	1.79
2022	84	33	1.787
2022	84	34	1.79
2022	84	35	1.791
2022	84	36	1.793
2022	84	37	1.795
2022	84	38	1.797
2022	84	39	1.798
2022	84	40	1.799
2022	84	41	1.799
2022	84	42	1.802
2022	84	43	1.803
2022	84	44	1.806
2022	84	45	1.809
2022	84	46	1.811
2022	84	47	1.81
2022	84	48	1.813
2022	85	1	1.813
2022	85	2	1.813
2022	85	3	1.813
2022	85	4	1.813
2022	85	5	1.814
2022	85	6	1.814
2022	85	7	1.814
2022	85	8	1.813
2022	85	9	1.811
2022	85	10	1.814
2022	85	11	1.812
2022	85	12	1.811
2022	85	13	1.81
2022	85	14	1.811
2022	85	15	1.809
2022	85	16	1.808
2022	85	17	1.807
2022	85	18	1.805
2022	85	19	1.804
2022	85	20	1.802
2022	85	21	1.8
2022	85	22	1.794
2022	85	23	1.79
2022	85	24	1.787
2022	85	25	1.781
2022	85	26	1.776
2022	85	27	1.77
2022	85	28	1.766
2022	85	29	1.763
2022	85	30	1.759
2022	85	31	1.755
2022	85	32	1.754
2022	85	33	1.747
2022	85	34	1.745
2022	85	35	1.74
2022	85	36	1.74
2022	85	37	1.739
2022	85	38	1.737
2022	85	39	1.738
2022	85	40	1.734
2022	85	41	1.734
2022	85	42	1.734
2022	85	43	1.735
2022	85	44	1.735
2022	85	45	1.734
2022	85	46	1.735
2022	85	47	1.737
2022	85	48	1.737
2022	86	1	1.74
2022	86	2	1.741
2022	86	3	1.741
2022	86	4	1.743
2022	86	5	1.743
2022	86	6	1.744
2022	86	7	1.731
2022	86	8	1.74
2022	86	9	1.741
2022	86	10	1.743
2022	86	11	1.743
2022	86	12	1.746
2022	86	13	1.746
2022	86	14	1.747
2022	86	15	1.749
2022	86	16	1.748
2022	86	17	1.747
2022	86	18	1.747
2022	86	19	1.748
2022	86	20	1.748
2022	86	21	1.749
2022	86	22	1.75
2022	86	23	1.752
2022	86	24	1.756
2022	86	25	1.76
2022	86	26	1.766
2022	86	27	1.771
2022	86	28	1.775
2022	86	29	1.78
2022	86	30	1.785
2022	86	31	1.789
2022	86	32	1.794
2022	86	33	1.796
2022	86	34	1.799
2022	86	35	1.802
2022	86	36	1.807
2022	86	37	1.81
2022	86	38	1.813
2022	86	39	1.817
2022	86	40	1.821
2022	86	41	1.826
2022	86	42	1.831
2022	86	43	1.837
2022	86	44	1.842
2022	86	45	1.846
2022	86	46	1.851
2022	86	47	1.857
2022	86	48	1.861
2022	87	1	1.864
2022	87	2	1.865
2022	87	3	1.867
2022	87	4	1.869
2022	87	5	1.87
2022	87	6	1.873
2022	87	7	1.874
2022	87	8	1.875
2022	87	9	1.875
2022	87	10	1.878
2022	87	11	1.879
2022	87	12	1.877
2022	87	13	1.876
2022	87	14	1.875
2022	87	15	1.874
2022	87	16	1.873
2022	87	17	1.872
2022	87	18	1.869
2022	87	19	1.867
2022	87	20	1.864
2022	87	21	1.863
2022	87	22	1.862
2022	87	23	1.862
2022	87	24	1.862
2022	87	25	1.859
2022	87	26	1.856
2022	87	27	1.854
2022	87	28	1.853
2022	87	29	1.851
2022	87	30	1.851
2022	87	31	1.848
2022	87	32	1.846
2022	87	33	1.845
2022	87	34	1.847
2022	87	35	1.844
2022	87	36	1.842
2022	87	37	1.842
2022	87	38	1.839
2022	87	39	1.837
2022	87	40	1.835
2022	87	41	1.832
2022	87	42	1.829
2022	87	43	1.828
2022	87	44	1.826
2022	87	45	1.825
2022	87	46	1.825
2022	87	47	1.826
2022	87	48	1.825
2022	88	1	1.826
2022	88	2	1.824
2022	88	3	1.824
2022	88	4	1.824
2022	88	5	1.824
2022	88	6	1.825
2022	88	7	1.825
2022	88	8	1.827
2022	88	9	1.828
2022	88	10	1.831
2022	88	11	1.831
2022	88	12	1.816
2022	88	13	1.822
2022	88	14	1.825
2022	88	15	1.825
2022	88	16	1.824
2022	88	17	1.824
2022	88	18	1.824
2022	88	19	1.822
2022	88	20	1.821
2022	88	21	1.82
2022	88	22	1.82
2022	88	23	1.819
2022	88	24	1.82
2022	88	25	1.823
2022	88	26	1.825
2022	88	27	1.827
2022	88	28	1.828
2022	88	29	1.83
2022	88	30	1.832
2022	88	31	1.835
2022	88	32	1.836
2022	88	33	1.837
2022	88	34	1.84
2022	88	35	1.841
2022	88	36	1.843
2022	88	37	1.847
2022	88	38	1.846
2022	88	39	1.849
2022	88	40	1.85
2022	88	41	1.851
2022	88	42	1.837
2022	88	43	1.846
2022	88	44	1.846
2022	88	45	1.847
2022	88	46	1.847
2022	88	47	1.849
2022	88	48	1.848
2022	89	1	1.848
2022	89	2	1.848
2022	89	3	1.848
2022	89	4	1.848
2022	89	5	1.848
2022	89	6	1.849
2022	89	7	1.849
2022	89	8	1.85
2022	89	9	1.85
2022	89	10	1.851
2022	89	11	1.851
2022	89	12	1.852
2022	89	13	1.851
2022	89	14	1.851
2022	89	15	1.85
2022	89	16	1.848
2022	89	17	1.846
2022	89	18	1.844
2022	89	19	1.841
2022	89	20	1.839
2022	89	21	1.836
2022	89	22	1.836
2022	89	23	1.835
2022	89	24	1.835
2022	89	25	1.84
2022	89	26	1.843
2022	89	27	1.845
2022	89	28	1.843
2022	89	29	1.843
2022	89	30	1.842
2022	89	31	1.842
2022	89	32	1.841
2022	89	33	1.841
2022	89	34	1.841
2022	89	35	1.84
2022	89	36	1.84
2022	89	37	1.84
2022	89	38	1.838
2022	89	39	1.837
2022	89	40	1.835
2022	89	41	1.834
2022	89	42	1.832
2022	89	43	1.833
2022	89	44	1.832
2022	89	45	1.83
2022	89	46	1.831
2022	89	47	1.829
2022	89	48	1.828
2022	90	1	1.827
2022	90	2	1.826
2022	90	3	1.825
2022	90	4	1.823
2022	90	5	1.822
2022	90	6	1.821
2022	90	7	1.821
2022	90	8	1.82
2022	90	9	1.819
2022	90	10	1.818
2022	90	11	1.817
2022	90	12	1.817
2022	90	13	1.816
2022	90	14	1.815
2022	90	15	1.813
2022	90	16	1.811
2022	90	17	1.808
2022	90	18	1.806
2022	90	19	1.803
2022	90	20	1.801
2022	90	21	1.799
2022	90	22	1.797
2022	90	23	1.796
2022	90	24	1.796
2022	90	25	1.796
2022	90	26	1.794
2022	90	27	1.799
2022	90	28	1.801
2022	90	29	1.801
2022	90	30	1.801
2022	90	31	1.8
2022	90	32	1.8
2022	90	33	1.8
2022	90	34	1.799
2022	90	35	1.8
2022	90	36	1.799
2022	90	37	1.799
2022	90	38	1.799
2022	90	39	1.798
2022	90	40	1.793
2022	90	41	1.792
2022	90	42	1.793
2022	90	43	1.792
2022	90	44	1.791
2022	90	45	1.792
2022	90	46	1.792
2022	90	47	1.792
2022	90	48	1.789
2022	91	1	1.789
2022	91	2	1.789
2022	91	3	1.79
2022	91	4	1.788
2022	91	5	1.787
2022	91	6	1.787
2022	91	7	1.787
2022	91	8	1.786
2022	91	9	1.786
2022	91	10	1.786
2022	91	11	1.785
2022	91	12	1.785
2022	91	13	1.784
2022	91	14	1.782
2022	91	15	1.78
2022	91	16	1.778
2022	91	17	1.777
2022	91	18	1.775
2022	91	19	1.773
2022	91	20	1.771
2022	91	21	1.77
2022	91	22	1.77
2022	91	23	1.767
2022	91	24	1.767
2022	91	25	1.769
2022	91	26	1.773
2022	91	27	1.775
2022	91	28	1.777
2022	91	29	1.778
2022	91	30	1.779
2022	91	31	1.78
2022	91	32	1.781
2022	91	33	1.782
2022	91	34	1.783
2022	91	35	1.783
2022	91	36	1.784
2022	91	37	1.785
2022	91	38	1.786
2022	91	39	1.787
2022	91	40	1.787
2022	91	41	1.787
2022	91	42	1.787
2022	91	43	1.788
2022	91	44	1.789
2022	91	45	1.788
2022	91	46	1.788
2022	91	47	1.789
2022	91	48	1.789
2022	92	1	1.791
2022	92	2	1.791
2022	92	3	1.792
2022	92	4	1.792
2022	92	5	1.793
2022	92	6	1.794
2022	92	7	1.795
2022	92	8	1.796
2022	92	9	1.795
2022	92	10	1.794
2022	92	11	1.794
2022	92	12	1.795
2022	92	13	1.794
2022	92	14	1.793
2022	92	15	1.793
2022	92	16	1.792
2022	92	17	1.79
2022	92	18	1.788
2022	92	19	1.787
2022	92	20	1.786
2022	92	21	1.785
2022	92	22	1.785
2022	92	23	1.783
2022	92	24	1.784
2022	92	25	1.786
2022	92	26	1.792
2022	92	27	1.796
2022	92	28	1.799
2022	92	29	1.799
2022	92	30	1.801
2022	92	31	1.802
2022	92	32	1.804
2022	92	33	1.805
2022	92	34	1.806
2022	92	35	1.806
2022	92	36	1.808
2022	92	37	1.809
2022	92	38	1.809
2022	92	39	1.81
2022	92	40	1.81
2022	92	41	1.81
2022	92	42	1.81
2022	92	43	1.81
2022	92	44	1.81
2022	92	45	1.809
2022	92	46	1.808
2022	92	47	1.809
2022	92	48	1.809
2022	93	1	1.809
2022	93	2	1.81
2022	93	3	1.81
2022	93	4	1.811
2022	93	5	1.812
2022	93	6	1.813
2022	93	7	1.813
2022	93	8	1.814
2022	93	9	1.815
2022	93	10	1.815
2022	93	11	1.815
2022	93	12	1.814
2022	93	13	1.813
2022	93	14	1.812
2022	93	15	1.811
2022	93	16	1.811
2022	93	17	1.809
2022	93	18	1.806
2022	93	19	1.804
2022	93	20	1.803
2022	93	21	1.801
2022	93	22	1.799
2022	93	23	1.799
2022	93	24	1.803
2022	93	25	1.807
2022	93	26	1.809
2022	93	27	1.81
2022	93	28	1.811
2022	93	29	1.812
2022	93	30	1.812
2022	93	31	1.813
2022	93	32	1.814
2022	93	33	1.815
2022	93	34	1.816
2022	93	35	1.817
2022	93	36	1.819
2022	93	37	1.819
2022	93	38	1.819
2022	93	39	1.819
2022	93	40	1.819
2022	93	41	1.819
2022	93	42	1.819
2022	93	43	1.819
2022	93	44	1.82
2022	93	45	1.821
2022	93	46	1.822
2022	93	47	1.824
2022	93	48	1.824
2022	94	1	1.824
2022	94	2	1.826
2022	94	3	1.828
2022	94	4	1.831
2022	94	5	1.833
2022	94	6	1.835
2022	94	7	1.838
2022	94	8	1.84
2022	94	9	1.844
2022	94	10	1.846
2022	94	11	1.847
2022	94	12	1.848
2022	94	13	1.849
2022	94	14	1.85
2022	94	15	1.85
2022	94	16	1.85
2022	94	17	1.851
2022	94	18	1.852
2022	94	19	1.853
2022	94	20	1.854
2022	94	21	1.856
2022	94	22	1.856
2022	94	23	1.858
2022	94	24	1.859
2022	94	25	1.861
2022	94	26	1.863
2022	94	27	1.863
2022	94	28	1.866
2022	94	29	1.867
2022	94	30	1.869
2022	94	31	1.871
2022	94	32	1.874
2022	94	33	1.876
2022	94	34	1.88
2022	94	35	1.882
2022	94	36	1.885
2022	94	37	1.887
2022	94	38	1.889
2022	94	39	1.892
2022	94	40	1.894
2022	94	41	1.895
2022	94	42	1.897
2022	94	43	1.899
2022	94	44	1.901
2022	94	45	1.902
2022	94	46	1.904
2022	94	47	1.906
2022	94	48	1.909
2022	95	1	1.912
2022	95	2	1.913
2022	95	3	1.918
2022	95	4	1.92
2022	95	5	1.922
2022	95	6	1.926
2022	95	7	1.931
2022	95	8	1.935
2022	95	9	1.938
2022	95	10	1.941
2022	95	11	1.946
2022	95	12	1.948
2022	95	13	1.953
2022	95	14	1.956
2022	95	15	1.959
2022	95	16	1.962
2022	95	17	1.966
2022	95	18	1.967
2022	95	19	1.968
2022	95	20	1.968
2022	95	21	1.968
2022	95	22	1.968
2022	95	23	1.968
2022	95	24	1.968
2022	95	25	1.968
2022	95	26	1.968
2022	95	27	1.966
2022	95	28	1.961
2022	95	29	1.955
2022	95	30	1.947
2022	95	31	1.941
2022	95	32	1.934
2022	95	33	1.928
2022	95	34	1.923
2022	95	35	1.917
2022	95	36	1.91
2022	95	37	1.906
2022	95	38	1.901
2022	95	39	1.897
2022	95	40	1.893
2022	95	41	1.89
2022	95	42	1.888
2022	95	43	1.885
2022	95	44	1.883
2022	95	45	1.882
2022	95	46	1.882
2022	95	47	1.882
2022	95	48	1.883
2022	96	1	1.883
2022	96	2	1.883
2022	96	3	1.884
2022	96	4	1.884
2022	96	5	1.886
2022	96	6	1.886
2022	96	7	1.887
2022	96	8	1.888
2022	96	9	1.889
2022	96	10	1.889
2022	96	11	1.89
2022	96	12	1.891
2022	96	13	1.891
2022	96	14	1.891
2022	96	15	1.891
2022	96	16	1.89
2022	96	17	1.889
2022	96	18	1.887
2022	96	19	1.886
2022	96	20	1.885
2022	96	21	1.883
2022	96	22	1.883
2022	96	23	1.882
2022	96	24	1.881
2022	96	25	1.881
2022	96	26	1.88
2022	96	27	1.88
2022	96	28	1.881
2022	96	29	1.88
2022	96	30	1.881
2022	96	31	1.881
2022	96	32	1.88
2022	96	33	1.879
2022	96	34	1.878
2022	96	35	1.879
2022	96	36	1.878
2022	96	37	1.879
2022	96	38	1.879
2022	96	39	1.88
2022	96	40	1.881
2022	96	41	1.882
2022	96	42	1.882
2022	96	43	1.882
2022	96	44	1.883
2022	96	45	1.883
2022	96	46	1.884
2022	96	47	1.885
2022	96	48	1.886
2022	97	1	1.887
2022	97	2	1.889
2022	97	3	1.889
2022	97	4	1.89
2022	97	5	1.891
2022	97	6	1.893
2022	97	7	1.894
2022	97	8	1.895
2022	97	9	1.895
2022	97	10	1.896
2022	97	11	1.897
2022	97	12	1.897
2022	97	13	1.898
2022	97	14	1.898
2022	97	15	1.897
2022	97	16	1.896
2022	97	17	1.895
2022	97	18	1.896
2022	97	19	1.898
2022	97	20	1.898
2022	97	21	1.899
2022	97	22	1.9
2022	97	23	1.9
2022	97	24	1.9
2022	97	25	1.901
2022	97	26	1.901
2022	97	27	1.9
2022	97	28	1.899
2022	97	29	1.899
2022	97	30	1.898
2022	97	31	1.897
2022	97	32	1.896
2022	97	33	1.896
2022	97	34	1.895
2022	97	35	1.896
2022	97	36	1.895
2022	97	37	1.895
2022	97	38	1.895
2022	97	39	1.894
2022	97	40	1.896
2022	97	41	1.895
2022	97	42	1.896
2022	97	43	1.897
2022	97	44	1.898
2022	97	45	1.9
2022	97	46	1.901
2022	97	47	1.904
2022	97	48	1.907
2022	98	1	1.908
2022	98	2	1.911
2022	98	3	1.914
2022	98	4	1.919
2022	98	5	1.924
2022	98	6	1.926
2022	98	7	1.929
2022	98	8	1.934
2022	98	9	1.936
2022	98	10	1.938
2022	98	11	1.938
2022	98	12	1.941
2022	98	13	1.944
2022	98	14	1.946
2022	98	15	1.946
2022	98	16	1.949
2022	98	17	1.947
2022	98	18	1.944
2022	98	19	1.944
2022	98	20	1.943
2022	98	21	1.941
2022	98	22	1.943
2022	98	23	1.942
2022	98	24	1.942
2022	98	25	1.943
2022	98	26	1.944
2022	98	27	1.944
2022	98	28	1.946
2022	98	29	1.947
2022	98	30	1.948
2022	98	31	1.948
2022	98	32	1.951
2022	98	33	1.952
2022	98	34	1.955
2022	98	35	1.955
2022	98	36	1.952
2022	98	37	1.948
2022	98	38	1.946
2022	98	39	1.945
2022	98	40	1.944
2022	98	41	1.943
2022	98	42	1.943
2022	98	43	1.944
2022	98	44	1.943
2022	98	45	1.945
2022	98	46	1.945
2022	98	47	1.946
2022	98	48	1.948
2022	99	1	1.949
2022	99	2	1.948
2022	99	3	1.949
2022	99	4	1.95
2022	99	5	1.95
2022	99	6	1.951
2022	99	7	1.951
2022	99	8	1.951
2022	99	9	1.95
2022	99	10	1.949
2022	99	11	1.949
2022	99	12	1.948
2022	99	13	1.949
2022	99	14	1.946
2022	99	15	1.946
2022	99	16	1.943
2022	99	17	1.941
2022	99	18	1.94
2022	99	19	1.938
2022	99	20	1.936
2022	99	21	1.934
2022	99	22	1.933
2022	99	23	1.933
2022	99	24	1.932
2022	99	25	1.931
2022	99	26	1.931
2022	99	27	1.934
2022	99	28	1.934
2022	99	29	1.935
2022	99	30	1.936
2022	99	31	1.938
2022	99	32	1.939
2022	99	33	1.939
2022	99	34	1.94
2022	99	35	1.94
2022	99	36	1.942
2022	99	37	1.942
2022	99	38	1.943
2022	99	39	1.944
2022	99	40	1.946
2022	99	41	1.947
2022	99	42	1.948
2022	99	43	1.951
2022	99	44	1.952
2022	99	45	1.953
2022	99	46	1.953
2022	99	47	1.953
2022	99	48	1.955
2022	100	1	1.955
2022	100	2	1.957
2022	100	3	1.957
2022	100	4	1.958
2022	100	5	1.958
2022	100	6	1.959
2022	100	7	1.959
2022	100	8	1.96
2022	100	9	1.96
2022	100	10	1.959
2022	100	11	1.96
2022	100	12	1.961
2022	100	13	1.961
2022	100	14	1.961
2022	100	15	1.96
2022	100	16	1.96
2022	100	17	1.961
2022	100	18	1.961
2022	100	19	1.961
2022	100	20	1.96
2022	100	21	1.959
2022	100	22	1.958
2022	100	23	1.957
2022	100	24	1.957
2022	100	25	1.956
2022	100	26	1.956
2022	100	27	1.955
2022	100	28	1.956
2022	100	29	1.956
2022	100	30	1.959
2022	100	31	1.961
2022	100	32	1.962
2022	100	33	1.965
2022	100	34	1.966
2022	100	35	1.968
2022	100	36	1.966
2022	100	37	1.967
2022	100	38	1.967
2022	100	39	1.968
2022	100	40	1.969
2022	100	41	1.969
2022	100	42	1.97
2022	100	43	1.971
2022	100	44	1.972
2022	100	45	1.973
2022	100	46	1.974
2022	100	47	1.976
2022	100	48	1.977
2022	101	1	1.977
2022	101	2	1.979
2022	101	3	1.979
2022	101	4	1.979
2022	101	5	1.981
2022	101	6	1.981
2022	101	7	1.981
2022	101	8	1.982
2022	101	9	1.981
2022	101	10	1.982
2022	101	11	1.981
2022	101	12	1.982
2022	101	13	1.981
2022	101	14	1.98
2022	101	15	1.98
2022	101	16	1.98
2022	101	17	1.979
2022	101	18	1.978
2022	101	19	1.979
2022	101	20	1.98
2022	101	21	1.98
2022	101	22	1.98
2022	101	23	1.981
2022	101	24	1.981
2022	101	25	1.982
2022	101	26	1.983
2022	101	27	1.985
2022	101	28	1.987
2022	101	29	1.989
2022	101	30	1.991
2022	101	31	1.993
2022	101	32	1.995
2022	101	33	1.997
2022	101	34	1.999
2022	101	35	1.998
2022	101	36	2
2022	101	37	2.001
2022	101	38	2.001
2022	101	39	2.001
2022	101	40	2.001
2022	101	41	2
2022	101	42	2.001
2022	101	43	2.002
2022	101	44	2.002
2022	101	45	2.003
2022	101	46	2.003
2022	101	47	2.004
2022	101	48	2.004
2022	102	1	2.003
2022	102	2	2.004
2022	102	3	2.005
2022	102	4	2.005
2022	102	5	2.005
2022	102	6	2.005
2022	102	7	2.005
2022	102	8	2.005
2022	102	9	2.005
2022	102	10	2.004
2022	102	11	2.004
2022	102	12	2.003
2022	102	13	2.002
2022	102	14	2.002
2022	102	15	2.003
2022	102	16	2
2022	102	17	2.001
2022	102	18	2.001
2022	102	19	2
2022	102	20	2.002
2022	102	21	2.003
2022	102	22	2.003
2022	102	23	2.004
2022	102	24	2.005
2022	102	25	2.006
2022	102	26	2.008
2022	102	27	2.009
2022	102	28	2.01
2022	102	29	2.011
2022	102	30	2.012
2022	102	31	2.013
2022	102	32	2.014
2022	102	33	2.015
2022	102	34	2.017
2022	102	35	2.018
2022	102	36	2.02
2022	102	37	2.021
2022	102	38	2.022
2022	102	39	2.022
2022	102	40	2.023
2022	102	41	2.023
2022	102	42	2.025
2022	102	43	2.025
2022	102	44	2.025
2022	102	45	2.026
2022	102	46	2.025
2022	102	47	2.025
2022	102	48	2.025
2022	103	1	2.024
2022	103	2	2.024
2022	103	3	2.023
2022	103	4	2.023
2022	103	5	2.022
2022	103	6	2.022
2022	103	7	2.022
2022	103	8	2.022
2022	103	9	2.022
2022	103	10	2.02
2022	103	11	2.02
2022	103	12	2.02
2022	103	13	2.019
2022	103	14	2.018
2022	103	15	2.017
2022	103	16	2.016
2022	103	17	2.017
2022	103	18	2.018
2022	103	19	2.017
2022	103	20	2.018
2022	103	21	2.019
2022	103	22	2.02
2022	103	23	2.021
2022	103	24	2.021
2022	103	25	2.022
2022	103	26	2.022
2022	103	27	2.023
2022	103	28	2.024
2022	103	29	2.025
2022	103	30	2.027
2022	103	31	2.029
2022	103	32	2.029
2022	103	33	2.03
2022	103	34	2.032
2022	103	35	2.033
2022	103	36	2.034
2022	103	37	2.034
2022	103	38	2.034
2022	103	39	2.036
2022	103	40	2.036
2022	103	41	2.036
2022	103	42	2.036
2022	103	43	2.036
2022	103	44	2.037
2022	103	45	2.037
2022	103	46	2.038
2022	103	47	2.037
2022	103	48	2.036
2022	104	1	2.037
2022	104	2	2.036
2022	104	3	2.036
2022	104	4	2.036
2022	104	5	2.036
2022	104	6	2.036
2022	104	7	2.035
2022	104	8	2.035
2022	104	9	2.035
2022	104	10	2.034
2022	104	11	2.035
2022	104	12	2.033
2022	104	13	2.033
2022	104	14	2.033
2022	104	15	2.033
2022	104	16	2.034
2022	104	17	2.033
2022	104	18	2.033
2022	104	19	2.034
2022	104	20	2.034
2022	104	21	2.034
2022	104	22	2.034
2022	104	23	2.033
2022	104	24	2.032
2022	104	25	2.033
2022	104	26	2.034
2022	104	27	2.035
2022	104	28	2.035
2022	104	29	2.036
2022	104	30	2.035
2022	104	31	2.036
2022	104	32	2.036
2022	104	33	2.036
2022	104	34	2.037
2022	104	35	2.037
2022	104	36	2.037
2022	104	37	2.037
2022	104	38	2.036
2022	104	39	2.036
2022	104	40	2.036
2022	104	41	2.036
2022	104	42	2.035
2022	104	43	2.035
2022	104	44	2.035
2022	104	45	2.035
2022	104	46	2.035
2022	104	47	2.035
2022	104	48	2.034
2022	105	1	2.034
2022	105	2	2.034
2022	105	3	2.034
2022	105	4	2.033
2022	105	5	2.034
2022	105	6	2.033
2022	105	7	2.033
2022	105	8	2.033
2022	105	9	2.032
2022	105	10	2.032
2022	105	11	2.031
2022	105	12	2.031
2022	105	13	2.03
2022	105	14	2.03
2022	105	15	2.03
2022	105	16	2.029
2022	105	17	2.029
2022	105	18	2.028
2022	105	19	2.028
2022	105	20	2.029
2022	105	21	2.028
2022	105	22	2.028
2022	105	23	2.028
2022	105	24	2.028
2022	105	25	2.028
2022	105	26	2.028
2022	105	27	2.028
2022	105	28	2.029
2022	105	29	2.028
2022	105	30	2.028
2022	105	31	2.028
2022	105	32	2.028
2022	105	33	2.029
2022	105	34	2.028
2022	105	35	2.028
2022	105	36	2.027
2022	105	37	2.027
2022	105	38	2.026
2022	105	39	2.026
2022	105	40	2.026
2022	105	41	2.026
2022	105	42	2.025
2022	105	43	2.025
2022	105	44	2.025
2022	105	45	2.025
2022	105	46	2.025
2022	105	47	2.025
2022	105	48	2.024
2022	106	1	2.024
2022	106	2	2.024
2022	106	3	2.024
2022	106	4	2.023
2022	106	5	2.022
2022	106	6	2.022
2022	106	7	2.021
2022	106	8	2.02
2022	106	9	2.019
2022	106	10	2.019
2022	106	11	2.018
2022	106	12	2.017
2022	106	13	2.017
2022	106	14	2.015
2022	106	15	2.015
2022	106	16	2.015
2022	106	17	2.015
2022	106	18	2.016
2022	106	19	2.018
2022	106	20	2.02
2022	106	21	2.022
2022	106	22	2.023
2022	106	23	2.024
2022	106	24	2.024
2022	106	25	2.023
2022	106	26	2.024
2022	106	27	2.024
2022	106	28	2.023
2022	106	29	2.022
2022	106	30	2.022
2022	106	31	2.021
2022	106	32	2.022
2022	106	33	2.022
2022	106	34	2.021
2022	106	35	2.021
2022	106	36	2.021
2022	106	37	2.021
2022	106	38	2.02
2022	106	39	2.02
2022	106	40	2.02
2022	106	41	2.02
2022	106	42	2.019
2022	106	43	2.019
2022	106	44	2.019
2022	106	45	2.018
2022	106	46	2.018
2022	106	47	2.018
2022	106	48	2.017
2022	107	1	2.017
2022	107	2	2.016
2022	107	3	2.015
2022	107	4	2.015
2022	107	5	2.015
2022	107	6	2.015
2022	107	7	2.015
2022	107	8	2.014
2022	107	9	2.013
2022	107	10	2.012
2022	107	11	2.012
2022	107	12	2.011
2022	107	13	2.011
2022	107	14	2.01
2022	107	15	2.01
2022	107	16	2.01
2022	107	17	2.011
2022	107	18	2.012
2022	107	19	2.015
2022	107	20	2.016
2022	107	21	2.017
2022	107	22	2.018
2022	107	23	2.018
2022	107	24	2.018
2022	107	25	2.019
2022	107	26	2.018
2022	107	27	2.017
2022	107	28	2.016
2022	107	29	2.016
2022	107	30	2.016
2022	107	31	2.016
2022	107	32	2.015
2022	107	33	2.014
2022	107	34	2.014
2022	107	35	2.014
2022	107	36	2.014
2022	107	37	2.013
2022	107	38	2.013
2022	107	39	2.013
2022	107	40	2.012
2022	107	41	2.012
2022	107	42	2.012
2022	107	43	2.012
2022	107	44	2.012
2022	107	45	2.012
2022	107	46	2.011
2022	107	47	2.011
2022	107	48	2.011
2022	108	1	2.011
2022	108	2	2.01
2022	108	3	2.01
2022	108	4	2.01
2022	108	5	2.01
2022	108	6	2.009
2022	108	7	2.009
2022	108	8	2.009
2022	108	9	2.008
2022	108	10	2.008
2022	108	11	2.009
2022	108	12	2.008
2022	108	13	2.008
2022	108	14	2.007
2022	108	15	2.008
2022	108	16	2.009
2022	108	17	2.01
2022	108	18	2.011
2022	108	19	2.011
2022	108	20	2.011
2022	108	21	2.01
2022	108	22	2.009
2022	108	23	2.009
2022	108	24	2.01
2022	108	25	2.008
2022	108	26	2.008
2022	108	27	2.008
2022	108	28	2.007
2022	108	29	2.007
2022	108	30	2.006
2022	108	31	2.007
2022	108	32	2.006
2022	108	33	2.006
2022	108	34	2.005
2022	108	35	2.005
2022	108	36	2.005
2022	108	37	2.005
2022	108	38	2.005
2022	108	39	2.004
2022	108	40	2.004
2022	108	41	2.004
2022	108	42	2.004
2022	108	43	2.003
2022	108	44	2.004
2022	108	45	2.004
2022	108	46	2.004
2022	108	47	2.003
2022	108	48	2.002
2022	109	1	2.002
2022	109	2	2.002
2022	109	3	2.002
2022	109	4	2.002
2022	109	5	2.002
2022	109	6	2.001
2022	109	7	2.001
2022	109	8	2.001
2022	109	9	2
2022	109	10	1.999
2022	109	11	1.999
2022	109	12	1.999
2022	109	13	1.998
2022	109	14	1.998
2022	109	15	1.999
2022	109	16	2
2022	109	17	2.001
2022	109	18	2.001
2022	109	19	2.001
2022	109	20	2.001
2022	109	21	2.001
2022	109	22	1.999
2022	109	23	1.999
2022	109	24	1.998
2022	109	25	1.998
2022	109	26	1.997
2022	109	27	1.997
2022	109	28	1.996
2022	109	29	1.995
2022	109	30	1.995
2022	109	31	1.995
2022	109	32	1.994
2022	109	33	1.994
2022	109	34	1.993
2022	109	35	1.993
2022	109	36	1.993
2022	109	37	1.992
2022	109	38	1.991
2022	109	39	1.992
2022	109	40	1.992
2022	109	41	1.992
2022	109	42	1.991
2022	109	43	1.991
2022	109	44	1.991
2022	109	45	1.991
2022	109	46	1.991
2022	109	47	1.99
2022	109	48	1.99
2022	110	1	1.99
2022	110	2	1.99
2022	110	3	1.99
2022	110	4	1.989
2022	110	5	1.989
2022	110	6	1.989
2022	110	7	1.988
2022	110	8	1.988
2022	110	9	1.987
2022	110	10	1.987
2022	110	11	1.987
2022	110	12	1.986
2022	110	13	1.986
2022	110	14	1.986
2022	110	15	1.988
2022	110	16	1.989
2022	110	17	1.988
2022	110	18	1.988
2022	110	19	1.987
2022	110	20	1.987
2022	110	21	1.986
2022	110	22	1.985
2022	110	23	1.985
2022	110	24	1.984
2022	110	25	1.983
2022	110	26	1.982
2022	110	27	1.98
2022	110	28	1.98
2022	110	29	1.977
2022	110	30	1.976
2022	110	31	1.975
2022	110	32	1.975
2022	110	33	1.974
2022	110	34	1.974
2022	110	35	1.973
2022	110	36	1.971
2022	110	37	1.971
2022	110	38	1.969
2022	110	39	1.969
2022	110	40	1.968
2022	110	41	1.967
2022	110	42	1.967
2022	110	43	1.967
2022	110	44	1.967
2022	110	45	1.967
2022	110	46	1.966
2022	110	47	1.966
2022	110	48	1.966
2022	111	1	1.966
2022	111	2	1.965
2022	111	3	1.965
2022	111	4	1.965
2022	111	5	1.964
2022	111	6	1.964
2022	111	7	1.963
2022	111	8	1.963
2022	111	9	1.963
2022	111	10	1.963
2022	111	11	1.963
2022	111	12	1.962
2022	111	13	1.962
2022	111	14	1.961
2022	111	15	1.961
2022	111	16	1.96
2022	111	17	1.959
2022	111	18	1.958
2022	111	19	1.958
2022	111	20	1.957
2022	111	21	1.956
2022	111	22	1.954
2022	111	23	1.953
2022	111	24	1.952
2022	111	25	1.95
2022	111	26	1.949
2022	111	27	1.947
2022	111	28	1.943
2022	111	29	1.942
2022	111	30	1.939
2022	111	31	1.937
2022	111	32	1.937
2022	111	33	1.935
2022	111	34	1.933
2022	111	35	1.932
2022	111	36	1.929
2022	111	37	1.927
2022	111	38	1.925
2022	111	39	1.923
2022	111	40	1.922
2022	111	41	1.921
2022	111	42	1.921
2022	111	43	1.921
2022	111	44	1.92
2022	111	45	1.919
2022	111	46	1.919
2022	111	47	1.918
2022	111	48	1.918
2022	112	1	1.917
2022	112	2	1.917
2022	112	3	1.916
2022	112	4	1.915
2022	112	5	1.914
2022	112	6	1.913
2022	112	7	1.912
2022	112	8	1.91
2022	112	9	1.909
2022	112	10	1.908
2022	112	11	1.906
2022	112	12	1.904
2022	112	13	1.903
2022	112	14	1.904
2022	112	15	1.907
2022	112	16	1.911
2022	112	17	1.911
2022	112	18	1.91
2022	112	19	1.908
2022	112	20	1.906
2022	112	21	1.902
2022	112	22	1.9
2022	112	23	1.897
2022	112	24	1.895
2022	112	25	1.892
2022	112	26	1.889
2022	112	27	1.887
2022	112	28	1.885
2022	112	29	1.883
2022	112	30	1.88
2022	112	31	1.878
2022	112	32	1.875
2022	112	33	1.873
2022	112	34	1.871
2022	112	35	1.869
2022	112	36	1.867
2022	112	37	1.866
2022	112	38	1.864
2022	112	39	1.863
2022	112	40	1.863
2022	112	41	1.862
2022	112	42	1.861
2022	112	43	1.86
2022	112	44	1.859
2022	112	45	1.859
2022	112	46	1.857
2022	112	47	1.857
2022	112	48	1.856
2022	113	1	1.855
2022	113	2	1.854
2022	113	3	1.853
2022	113	4	1.852
2022	113	5	1.85
2022	113	6	1.849
2022	113	7	1.847
2022	113	8	1.847
2022	113	9	1.845
2022	113	10	1.844
2022	113	11	1.842
2022	113	12	1.84
2022	113	13	1.839
2022	113	14	1.84
2022	113	15	1.84
2022	113	16	1.841
2022	113	17	1.839
2022	113	18	1.837
2022	113	19	1.834
2022	113	20	1.832
2022	113	21	1.831
2022	113	22	1.828
2022	113	23	1.825
2022	113	24	1.822
2022	113	25	1.82
2022	113	26	1.816
2022	113	27	1.812
2022	113	28	1.811
2022	113	29	1.807
2022	113	30	1.804
2022	113	31	1.802
2022	113	32	1.8
2022	113	33	1.797
2022	113	34	1.795
2022	113	35	1.792
2022	113	36	1.79
2022	113	37	1.789
2022	113	38	1.787
2022	113	39	1.784
2022	113	40	1.781
2022	113	41	1.779
2022	113	42	1.778
2022	113	43	1.776
2022	113	44	1.775
2022	113	45	1.774
2022	113	46	1.772
2022	113	47	1.771
2022	113	48	1.77
2022	114	1	1.769
2022	114	2	1.767
2022	114	3	1.766
2022	114	4	1.765
2022	114	5	1.764
2022	114	6	1.763
2022	114	7	1.762
2022	114	8	1.761
2022	114	9	1.76
2022	114	10	1.758
2022	114	11	1.757
2022	114	12	1.756
2022	114	13	1.755
2022	114	14	1.753
2022	114	15	1.752
2022	114	16	1.751
2022	114	17	1.75
2022	114	18	1.747
2022	114	19	1.746
2022	114	20	1.745
2022	114	21	1.743
2022	114	22	1.74
2022	114	23	1.739
2022	114	24	1.736
2022	114	25	1.734
2022	114	26	1.732
2022	114	27	1.73
2022	114	28	1.728
2022	114	29	1.726
2022	114	30	1.724
2022	114	31	1.722
2022	114	32	1.72
2022	114	33	1.718
2022	114	34	1.717
2022	114	35	1.715
2022	114	36	1.714
2022	114	37	1.712
2022	114	38	1.71
2022	114	39	1.709
2022	114	40	1.708
2022	114	41	1.705
2022	114	42	1.704
2022	114	43	1.703
2022	114	44	1.703
2022	114	45	1.702
2022	114	46	1.701
2022	114	47	1.701
2022	114	48	1.7
2022	115	1	1.699
2022	115	2	1.698
2022	115	3	1.697
2022	115	4	1.697
2022	115	5	1.696
2022	115	6	1.696
2022	115	7	1.694
2022	115	8	1.694
2022	115	9	1.693
2022	115	10	1.692
2022	115	11	1.692
2022	115	12	1.691
2022	115	13	1.69
2022	115	14	1.69
2022	115	15	1.688
2022	115	16	1.687
2022	115	17	1.687
2022	115	18	1.686
2022	115	19	1.685
2022	115	20	1.684
2022	115	21	1.683
2022	115	22	1.682
2022	115	23	1.68
2022	115	24	1.68
2022	115	25	1.678
2022	115	26	1.677
2022	115	27	1.676
2022	115	28	1.674
2022	115	29	1.674
2022	115	30	1.673
2022	115	31	1.671
2022	115	32	1.67
2022	115	33	1.67
2022	115	34	1.667
2022	115	35	1.665
2022	115	36	1.664
2022	115	37	1.663
2022	115	38	1.661
2022	115	39	1.66
2022	115	40	1.659
2022	115	41	1.657
2022	115	42	1.657
2022	115	43	1.656
2022	115	44	1.655
2022	115	45	1.655
2022	115	46	1.654
2022	115	47	1.654
2022	115	48	1.652
2022	116	1	1.651
2022	116	2	1.651
2022	116	3	1.65
2022	116	4	1.649
2022	116	5	1.648
2022	116	6	1.647
2022	116	7	1.647
2022	116	8	1.646
2022	116	9	1.645
2022	116	10	1.644
2022	116	11	1.643
2022	116	12	1.641
2022	116	13	1.641
2022	116	14	1.641
2022	116	15	1.64
2022	116	16	1.639
2022	116	17	1.638
2022	116	18	1.637
2022	116	19	1.635
2022	116	20	1.634
2022	116	21	1.633
2022	116	22	1.633
2022	116	23	1.63
2022	116	24	1.629
2022	116	25	1.625
2022	116	26	1.623
2022	116	27	1.621
2022	116	28	1.619
2022	116	29	1.616
2022	116	30	1.614
2022	116	31	1.612
2022	116	32	1.61
2022	116	33	1.609
2022	116	34	1.605
2022	116	35	1.606
2022	116	36	1.603
2022	116	37	1.601
2022	116	38	1.598
2022	116	39	1.598
2022	116	40	1.595
2022	116	41	1.593
2022	116	42	1.592
2022	116	43	1.589
2022	116	44	1.588
2022	116	45	1.587
2022	116	46	1.585
2022	116	47	1.584
2022	116	48	1.583
2022	117	1	1.582
2022	117	2	1.58
2022	117	3	1.578
2022	117	4	1.577
2022	117	5	1.576
2022	117	6	1.574
2022	117	7	1.572
2022	117	8	1.57
2022	117	9	1.568
2022	117	10	1.566
2022	117	11	1.564
2022	117	12	1.562
2022	117	13	1.561
2022	117	14	1.559
2022	117	15	1.557
2022	117	16	1.557
2022	117	17	1.559
2022	117	18	1.564
2022	117	19	1.57
2022	117	20	1.575
2022	117	21	1.577
2022	117	22	1.58
2022	117	23	1.668
2022	117	24	1.655
2022	117	25	1.639
2022	117	26	1.628
2022	117	27	1.618
2022	117	28	1.609
2022	117	29	1.599
2022	117	30	1.667
2022	117	31	1.654
2022	117	32	1.644
2022	117	33	1.634
2022	117	34	1.627
2022	117	35	1.617
2022	117	36	1.613
2022	117	37	1.606
2022	117	38	1.603
2022	117	39	1.6
2022	117	40	1.594
2022	117	41	1.59
2022	117	42	1.585
2022	117	43	1.582
2022	117	44	1.58
2022	117	45	1.576
2022	117	46	1.575
2022	117	47	1.572
2022	117	48	1.57
2022	118	1	1.566
2022	118	2	1.564
2022	118	3	1.56
2022	118	4	1.558
2022	118	5	1.556
2022	118	6	1.553
2022	118	7	1.551
2022	118	8	1.546
2022	118	9	1.545
2022	118	10	1.541
2022	118	11	1.537
2022	118	12	1.535
2022	118	13	1.532
2022	118	14	1.528
2022	118	15	1.526
2022	118	16	1.526
2022	118	17	1.527
2022	118	18	1.53
2022	118	19	1.534
2022	118	20	1.54
2022	118	21	1.544
2022	118	22	1.544
2022	118	23	1.546
2022	118	24	1.547
2022	118	25	1.545
2022	118	26	1.541
2022	118	27	1.538
2022	118	28	1.536
2022	118	29	1.533
2022	118	30	1.531
2022	118	31	1.528
2022	118	32	1.526
2022	118	33	1.524
2022	118	34	1.522
2022	118	35	1.52
2022	118	36	1.52
2022	118	37	1.521
2022	118	38	1.519
2022	118	39	1.519
2022	118	40	1.516
2022	118	41	1.513
2022	118	42	1.527
2022	118	43	1.547
2022	118	44	1.56
2022	118	45	1.57
2022	118	46	1.574
2022	118	47	1.577
2022	118	48	1.577
2022	119	1	1.577
2022	119	2	1.576
2022	119	3	1.575
2022	119	4	1.575
2022	119	5	1.574
2022	119	6	1.573
2022	119	7	1.572
2022	119	8	1.57
2022	119	9	1.567
2022	119	10	1.564
2022	119	11	1.561
2022	119	12	1.558
2022	119	13	1.555
2022	119	14	1.551
2022	119	15	1.549
2022	119	16	1.547
2022	119	17	1.548
2022	119	18	1.549
2022	119	19	1.552
2022	119	20	1.553
2022	119	21	1.554
2022	119	22	1.553
2022	119	23	1.553
2022	119	24	1.552
2022	119	25	1.55
2022	119	26	1.546
2022	119	27	1.545
2022	119	28	1.544
2022	119	29	1.541
2022	119	30	1.54
2022	119	31	1.537
2022	119	32	1.535
2022	119	33	1.534
2022	119	34	1.533
2022	119	35	1.531
2022	119	36	1.53
2022	119	37	1.529
2022	119	38	1.527
2022	119	39	1.525
2022	119	40	1.523
2022	119	41	1.521
2022	119	42	1.519
2022	119	43	1.517
2022	119	44	1.516
2022	119	45	1.514
2022	119	46	1.513
2022	119	47	1.512
2022	119	48	1.51
2022	120	1	1.508
2022	120	2	1.506
2022	120	3	1.505
2022	120	4	1.503
2022	120	5	1.501
2022	120	6	1.5
2022	120	7	1.498
2022	120	8	1.497
2022	120	9	1.495
2022	120	10	1.493
2022	120	11	1.492
2022	120	12	1.491
2022	120	13	1.489
2022	120	14	1.487
2022	120	15	1.486
2022	120	16	1.486
2022	120	17	1.488
2022	120	18	1.492
2022	120	19	1.498
2022	120	20	1.501
2022	120	21	1.505
2022	120	22	1.507
2022	120	23	1.507
2022	120	24	1.507
2022	120	25	1.506
2022	120	26	1.503
2022	120	27	1.501
2022	120	28	1.499
2022	120	29	1.497
2022	120	30	1.494
2022	120	31	1.49
2022	120	32	1.489
2022	120	33	1.487
2022	120	34	1.485
2022	120	35	1.483
2022	120	36	1.482
2022	120	37	1.48
2022	120	38	1.479
2022	120	39	1.478
2022	120	40	1.476
2022	120	41	1.475
2022	120	42	1.473
2022	120	43	1.473
2022	120	44	1.471
2022	120	45	1.471
2022	120	46	1.47
2022	120	47	1.469
2022	120	48	1.468
2022	121	1	1.467
2022	121	2	1.467
2022	121	3	1.466
2022	121	4	1.466
2022	121	5	1.465
2022	121	6	1.464
2022	121	7	1.464
2022	121	8	1.463
2022	121	9	1.462
2022	121	10	1.462
2022	121	11	1.461
2022	121	12	1.461
2022	121	13	1.46
2022	121	14	1.459
2022	121	15	1.459
2022	121	16	1.458
2022	121	17	1.457
2022	121	18	1.458
2022	121	19	1.457
2022	121	20	1.457
2022	121	21	1.457
2022	121	22	1.456
2022	121	23	1.456
2022	121	24	1.456
2022	121	25	1.456
2022	121	26	1.454
2022	121	27	1.454
2022	121	28	1.455
2022	121	29	1.453
2022	121	30	1.452
2022	121	31	1.451
2022	121	32	1.452
2022	121	33	1.454
2022	121	34	1.452
2022	121	35	1.453
2022	121	36	1.454
2022	121	37	1.453
2022	121	38	1.453
2022	121	39	1.453
2022	121	40	1.451
2022	121	41	1.45
2022	121	42	1.448
2022	121	43	1.446
2022	121	44	1.445
2022	121	45	1.444
2022	121	46	1.443
2022	121	47	1.443
2022	121	48	1.443
2022	122	1	1.443
2022	122	2	1.442
2022	122	3	1.441
2022	122	4	1.441
2022	122	5	1.44
2022	122	6	1.44
2022	122	7	1.44
2022	122	8	1.439
2022	122	9	1.439
2022	122	10	1.439
2022	122	11	1.439
2022	122	12	1.439
2022	122	13	1.439
2022	122	14	1.44
2022	122	15	1.44
2022	122	16	1.441
2022	122	17	1.442
2022	122	18	1.443
2022	122	19	1.443
2022	122	20	1.443
2022	122	21	1.444
2022	122	22	1.444
2022	122	23	1.443
2022	122	24	1.443
2022	122	25	1.443
2022	122	26	1.444
2022	122	27	1.444
2022	122	28	1.443
2022	122	29	1.444
2022	122	30	1.442
2022	122	31	1.444
2022	122	32	1.442
2022	122	33	1.441
2022	122	34	1.441
2022	122	35	1.439
2022	122	36	1.438
2022	122	37	1.438
2022	122	38	1.438
2022	122	39	1.437
2022	122	40	1.436
2022	122	41	1.435
2022	122	42	1.433
2022	122	43	1.432
2022	122	44	1.431
2022	122	45	1.43
2022	122	46	1.429
2022	122	47	1.428
2022	122	48	1.427
2022	123	1	1.426
2022	123	2	1.425
2022	123	3	1.424
2022	123	4	1.422
2022	123	5	1.421
2022	123	6	1.42
2022	123	7	1.42
2022	123	8	1.419
2022	123	9	1.418
2022	123	10	1.417
2022	123	11	1.416
2022	123	12	1.415
2022	123	13	1.414
2022	123	14	1.413
2022	123	15	1.412
2022	123	16	1.411
2022	123	17	1.41
2022	123	18	1.408
2022	123	19	1.407
2022	123	20	1.406
2022	123	21	1.405
2022	123	22	1.404
2022	123	23	1.402
2022	123	24	1.402
2022	123	25	1.4
2022	123	26	1.399
2022	123	27	1.399
2022	123	28	1.396
2022	123	29	1.394
2022	123	30	1.395
2022	123	31	1.393
2022	123	32	1.394
2022	123	33	1.391
2022	123	34	1.39
2022	123	35	1.389
2022	123	36	1.387
2022	123	37	1.387
2022	123	38	1.385
2022	123	39	1.384
2022	123	40	1.384
2022	123	41	1.382
2022	123	42	1.381
2022	123	43	1.379
2022	123	44	1.378
2022	123	45	1.377
2022	123	46	1.376
2022	123	47	1.375
2022	123	48	1.373
2022	124	1	1.372
2022	124	2	1.371
2022	124	3	1.371
2022	124	4	1.37
2022	124	5	1.369
2022	124	6	1.368
2022	124	7	1.368
2022	124	8	1.367
2022	124	9	1.366
2022	124	10	1.365
2022	124	11	1.364
2022	124	12	1.363
2022	124	13	1.363
2022	124	14	1.362
2022	124	15	1.36
2022	124	16	1.36
2022	124	17	1.359
2022	124	18	1.36
2022	124	19	1.359
2022	124	20	1.359
2022	124	21	1.358
2022	124	22	1.359
2022	124	23	1.358
2022	124	24	1.358
2022	124	25	1.358
2022	124	26	1.358
2022	124	27	1.357
2022	124	28	1.357
2022	124	29	1.359
2022	124	30	1.356
2022	124	31	1.356
2022	124	32	1.357
2022	124	33	1.358
2022	124	34	1.354
2022	124	35	1.354
2022	124	36	1.355
2022	124	37	1.356
2022	124	38	1.357
2022	124	39	1.357
2022	124	40	1.357
2022	124	41	1.357
2022	124	42	1.356
2022	124	43	1.355
2022	124	44	1.354
2022	124	45	1.354
2022	124	46	1.353
2022	124	47	1.352
2022	124	48	1.351
2022	125	1	1.351
2022	125	2	1.35
2022	125	3	1.349
2022	125	4	1.349
2022	125	5	1.348
2022	125	6	1.349
2022	125	7	1.348
2022	125	8	1.348
2022	125	9	1.348
2022	125	10	1.347
2022	125	11	1.348
2022	125	12	1.347
2022	125	13	1.347
2022	125	14	1.347
2022	125	15	1.346
2022	125	16	1.346
2022	125	17	1.345
2022	125	18	1.345
2022	125	19	1.345
2022	125	20	1.345
2022	125	21	1.344
2022	125	22	1.344
2022	125	23	1.344
2022	125	24	1.343
2022	125	25	1.343
2022	125	26	1.343
2022	125	27	1.342
2022	125	28	1.341
2022	125	29	1.342
2022	125	30	1.341
2022	125	31	1.341
2022	125	32	1.341
2022	125	33	1.342
2022	125	34	1.341
2022	125	35	1.34
2022	125	36	1.339
2022	125	37	1.339
2022	125	38	1.339
2022	125	39	1.339
2022	125	40	1.338
2022	125	41	1.337
2022	125	42	1.335
2022	125	43	1.335
2022	125	44	1.334
2022	125	45	1.334
2022	125	46	1.334
2022	125	47	1.334
2022	125	48	1.333
2022	126	1	1.333
2022	126	2	1.332
2022	126	3	1.331
2022	126	4	1.331
2022	126	5	1.331
2022	126	6	1.33
2022	126	7	1.33
2022	126	8	1.33
2022	126	9	1.329
2022	126	10	1.329
2022	126	11	1.328
2022	126	12	1.327
2022	126	13	1.327
2022	126	14	1.326
2022	126	15	1.326
2022	126	16	1.326
2022	126	17	1.325
2022	126	18	1.325
2022	126	19	1.324
2022	126	20	1.324
2022	126	21	1.324
2022	126	22	1.323
2022	126	23	1.324
2022	126	24	1.324
2022	126	25	1.323
2022	126	26	1.322
2022	126	27	1.323
2022	126	28	1.322
2022	126	29	1.323
2022	126	30	1.322
2022	126	31	1.322
2022	126	32	1.322
2022	126	33	1.322
2022	126	34	1.321
2022	126	35	1.322
2022	126	36	1.322
2022	126	37	1.321
2022	126	38	1.322
2022	126	39	1.321
2022	126	40	1.321
2022	126	41	1.32
2022	126	42	1.319
2022	126	43	1.319
2022	126	44	1.318
2022	126	45	1.319
2022	126	46	1.318
2022	126	47	1.318
2022	126	48	1.318
2022	127	1	1.318
2022	127	2	1.318
2022	127	3	1.318
2022	127	4	1.318
2022	127	5	1.318
2022	127	6	1.318
2022	127	7	1.318
2022	127	8	1.318
2022	127	9	1.319
2022	127	10	1.318
2022	127	11	1.318
2022	127	12	1.317
2022	127	13	1.318
2022	127	14	1.318
2022	127	15	1.317
2022	127	16	1.318
2022	127	17	1.317
2022	127	18	1.317
2022	127	19	1.318
2022	127	20	1.318
2022	127	21	1.317
2022	127	22	1.319
2022	127	23	1.317
2022	127	24	1.317
2022	127	25	1.316
2022	127	26	1.316
2022	127	27	1.315
2022	127	28	1.315
2022	127	29	1.315
2022	127	30	1.315
2022	127	31	1.315
2022	127	32	1.316
2022	127	33	1.315
2022	127	34	1.315
2022	127	35	1.315
2022	127	36	1.317
2022	127	37	1.317
2022	127	38	1.317
2022	127	39	1.318
2022	127	40	1.318
2022	127	41	1.319
2022	127	42	1.319
2022	127	43	1.321
2022	127	44	1.323
2022	127	45	1.324
2022	127	46	1.326
2022	127	47	1.327
2022	127	48	1.328
2022	128	1	1.329
2022	128	2	1.329
2022	128	3	1.329
2022	128	4	1.33
2022	128	5	1.331
2022	128	6	1.331
2022	128	7	1.331
2022	128	8	1.331
2022	128	9	1.331
2022	128	10	1.33
2022	128	11	1.33
2022	128	12	1.33
2022	128	13	1.329
2022	128	14	1.328
2022	128	15	1.328
2022	128	16	1.327
2022	128	17	1.327
2022	128	18	1.327
2022	128	19	1.327
2022	128	20	1.326
2022	128	21	1.326
2022	128	22	1.326
2022	128	23	1.326
2022	128	24	1.325
2022	128	25	1.324
2022	128	26	1.323
2022	128	27	1.322
2022	128	28	1.323
2022	128	29	1.323
2022	128	30	1.322
2022	128	31	1.32
2022	128	32	1.319
2022	128	33	1.317
2022	128	34	1.315
2022	128	35	1.316
2022	128	36	1.314
2022	128	37	1.312
2022	128	38	1.311
2022	128	39	1.311
2022	128	40	1.309
2022	128	41	1.308
2022	128	42	1.306
2022	128	43	1.305
2022	128	44	1.303
2022	128	45	1.302
2022	128	46	1.302
2022	128	47	1.301
2022	128	48	1.3
2022	129	1	1.299
2022	129	2	1.299
2022	129	3	1.298
2022	129	4	1.296
2022	129	5	1.295
2022	129	6	1.295
2022	129	7	1.295
2022	129	8	1.295
2022	129	9	1.294
2022	129	10	1.294
2022	129	11	1.293
2022	129	12	1.292
2022	129	13	1.291
2022	129	14	1.291
2022	129	15	1.291
2022	129	16	1.29
2022	129	17	1.29
2022	129	18	1.289
2022	129	19	1.29
2022	129	20	1.29
2022	129	21	1.289
2022	129	22	1.288
2022	129	23	1.29
2022	129	24	1.289
2022	129	25	1.289
2022	129	26	1.289
2022	129	27	1.289
2022	129	28	1.289
2022	129	29	1.288
2022	129	30	1.288
2022	129	31	1.289
2022	129	32	1.288
2022	129	33	1.288
2022	129	34	1.288
2022	129	35	1.292
2022	129	36	1.292
2022	129	37	1.292
2022	129	38	1.293
2022	129	39	1.293
2022	129	40	1.293
2022	129	41	1.292
2022	129	42	1.293
2022	129	43	1.292
2022	129	44	1.292
2022	129	45	1.291
2022	129	46	1.291
2022	129	47	1.29
2022	129	48	1.29
2022	130	1	1.29
2022	130	2	1.289
2022	130	3	1.289
2022	130	4	1.289
2022	130	5	1.289
2022	130	6	1.289
2022	130	7	1.289
2022	130	8	1.29
2022	130	9	1.289
2022	130	10	1.29
2022	130	11	1.29
2022	130	12	1.29
2022	130	13	1.29
2022	130	14	1.289
2022	130	15	1.289
2022	130	16	1.289
2022	130	17	1.289
2022	130	18	1.289
2022	130	19	1.289
2022	130	20	1.289
2022	130	21	1.288
2022	130	22	1.289
2022	130	23	1.287
2022	130	24	1.288
2022	130	25	1.288
2022	130	26	1.287
2022	130	27	1.288
2022	130	28	1.289
2022	130	29	1.29
2022	130	30	1.29
2022	130	31	1.291
2022	130	32	1.292
2022	130	33	1.291
2022	130	34	1.292
2022	130	35	1.293
2022	130	36	1.293
2022	130	37	1.293
2022	130	38	1.293
2022	130	39	1.294
2022	130	40	1.294
2022	130	41	1.293
2022	130	42	1.293
2022	130	43	1.293
2022	130	44	1.292
2022	130	45	1.293
2022	130	46	1.292
2022	130	47	1.293
2022	130	48	1.292
2022	131	1	1.293
2022	131	2	1.294
2022	131	3	1.294
2022	131	4	1.294
2022	131	5	1.294
2022	131	6	1.296
2022	131	7	1.296
2022	131	8	1.297
2022	131	9	1.298
2022	131	10	1.298
2022	131	11	1.297
2022	131	12	1.298
2022	131	13	1.298
2022	131	14	1.297
2022	131	15	1.297
2022	131	16	1.299
2022	131	17	1.303
2022	131	18	1.308
2022	131	19	1.315
2022	131	20	1.328
2022	131	21	1.343
2022	131	22	1.359
2022	131	23	1.372
2022	131	24	1.384
2022	131	25	1.393
2022	131	26	1.402
2022	131	27	1.409
2022	131	28	1.414
2022	131	29	1.419
2022	131	30	1.424
2022	131	31	1.427
2022	131	32	1.431
2022	131	33	1.432
2022	131	34	1.434
2022	131	35	1.437
2022	131	36	1.438
2022	131	37	1.439
2022	131	38	1.439
2022	131	39	1.44
2022	131	40	1.44
2022	131	41	1.441
2022	131	42	1.441
2022	131	43	1.441
2022	131	44	1.441
2022	131	45	1.442
2022	131	46	1.441
2022	131	47	1.441
2022	131	48	1.442
2022	132	1	1.441
2022	132	2	1.442
2022	132	3	1.443
2022	132	4	1.445
2022	132	5	1.444
2022	132	6	1.444
2022	132	7	1.445
2022	132	8	1.444
2022	132	9	1.445
2022	132	10	1.444
2022	132	11	1.444
2022	132	12	1.444
2022	132	13	1.444
2022	132	14	1.443
2022	132	15	1.443
2022	132	16	1.443
2022	132	17	1.443
2022	132	18	1.442
2022	132	19	1.442
2022	132	20	1.442
2022	132	21	1.441
2022	132	22	1.441
2022	132	23	1.44
2022	132	24	1.439
2022	132	25	1.439
2022	132	26	1.439
2022	132	27	1.438
2022	132	28	1.437
2022	132	29	1.436
2022	132	30	1.435
2022	132	31	1.435
2022	132	32	1.434
2022	132	33	1.434
2022	132	34	1.431
2022	132	35	1.43
2022	132	36	1.426
2022	132	37	1.427
2022	132	38	1.427
2022	132	39	1.427
2022	132	40	1.426
2022	132	41	1.426
2022	132	42	1.425
2022	132	43	1.424
2022	132	44	1.424
2022	132	45	1.424
2022	132	46	1.423
2022	132	47	1.423
2022	132	48	1.422
2022	133	1	1.422
2022	133	2	1.42
2022	133	3	1.42
2022	133	4	1.419
2022	133	5	1.419
2022	133	6	1.418
2022	133	7	1.416
2022	133	8	1.415
2022	133	9	1.414
2022	133	10	1.413
2022	133	11	1.412
2022	133	12	1.412
2022	133	13	1.411
2022	133	14	1.41
2022	133	15	1.409
2022	133	16	1.409
2022	133	17	1.407
2022	133	18	1.407
2022	133	19	1.408
2022	133	20	1.405
2022	133	21	1.405
2022	133	22	1.403
2022	133	23	1.403
2022	133	24	1.403
2022	133	25	1.4
2022	133	26	1.402
2022	133	27	1.4
2022	133	28	1.398
2022	133	29	1.397
2022	133	30	1.395
2022	133	31	1.395
2022	133	32	1.392
2022	133	33	1.392
2022	133	34	1.392
2022	133	35	1.39
2022	133	36	1.39
2022	133	37	1.387
2022	133	38	1.386
2022	133	39	1.385
2022	133	40	1.384
2022	133	41	1.383
2022	133	42	1.382
2022	133	43	1.381
2022	133	44	1.381
2022	133	45	1.379
2022	133	46	1.378
2022	133	47	1.378
2022	133	48	1.377
2022	134	1	1.375
2022	134	2	1.375
2022	134	3	1.375
2022	134	4	1.374
2022	134	5	1.373
2022	134	6	1.373
2022	134	7	1.372
2022	134	8	1.372
2022	134	9	1.371
2022	134	10	1.371
2022	134	11	1.369
2022	134	12	1.369
2022	134	13	1.369
2022	134	14	1.369
2022	134	15	1.367
2022	134	16	1.368
2022	134	17	1.366
2022	134	18	1.366
2022	134	19	1.366
2022	134	20	1.365
2022	134	21	1.364
2022	134	22	1.365
2022	134	23	1.363
2022	134	24	1.363
2022	134	25	1.363
2022	134	26	1.363
2022	134	27	1.363
2022	134	28	1.362
2022	134	29	1.361
2022	134	30	1.361
2022	134	31	1.36
2022	134	32	1.359
2022	134	33	1.358
2022	134	34	1.358
2022	134	35	1.356
2022	134	36	1.356
2022	134	37	1.353
2022	134	38	1.353
2022	134	39	1.353
2022	134	40	1.352
2022	134	41	1.351
2022	134	42	1.35
2022	134	43	1.349
2022	134	44	1.348
2022	134	45	1.347
2022	134	46	1.345
2022	134	47	1.344
2022	134	48	1.343
2022	135	1	1.342
2022	135	2	1.341
2022	135	3	1.34
2022	135	4	1.339
2022	135	5	1.338
2022	135	6	1.337
2022	135	7	1.337
2022	135	8	1.336
2022	135	9	1.335
2022	135	10	1.334
2022	135	11	1.333
2022	135	12	1.332
2022	135	13	1.332
2022	135	14	1.332
2022	135	15	1.33
2022	135	16	1.33
2022	135	17	1.329
2022	135	18	1.328
2022	135	19	1.328
2022	135	20	1.327
2022	135	21	1.326
2022	135	22	1.325
2022	135	23	1.324
2022	135	24	1.326
2022	135	25	1.323
2022	135	26	1.323
2022	135	27	1.321
2022	135	28	1.321
2022	135	29	1.32
2022	135	30	1.32
2022	135	31	1.319
2022	135	32	1.319
2022	135	33	1.317
2022	135	34	1.316
2022	135	35	1.317
2022	135	36	1.315
2022	135	37	1.314
2022	135	38	1.314
2022	135	39	1.312
2022	135	40	1.311
2022	135	41	1.31
2022	135	42	1.31
2022	135	43	1.308
2022	135	44	1.307
2022	135	45	1.307
2022	135	46	1.306
2022	135	47	1.305
2022	135	48	1.305
2022	136	1	1.303
2022	136	2	1.303
2022	136	3	1.302
2022	136	4	1.301
2022	136	5	1.301
2022	136	6	1.301
2022	136	7	1.3
2022	136	8	1.3
2022	136	9	1.299
2022	136	10	1.298
2022	136	11	1.297
2022	136	12	1.297
2022	136	13	1.296
2022	136	14	1.295
2022	136	15	1.295
2022	136	16	1.294
2022	136	17	1.293
2022	136	18	1.293
2022	136	19	1.294
2022	136	20	1.292
2022	136	21	1.29
2022	136	22	1.291
2022	136	23	1.291
2022	136	24	1.292
2022	136	25	1.289
2022	136	26	1.287
2022	136	27	1.289
2022	136	28	1.285
2022	136	29	1.287
2022	136	30	1.286
2022	136	31	1.286
2022	136	32	1.285
2022	136	33	1.285
2022	136	34	1.285
2022	136	35	1.286
2022	136	36	1.284
2022	136	37	1.283
2022	136	38	1.282
2022	136	39	1.281
2022	136	40	1.28
2022	136	41	1.279
2022	136	42	1.277
2022	136	43	1.276
2022	136	44	1.276
2022	136	45	1.276
2022	136	46	1.276
2022	136	47	1.275
2022	136	48	1.274
2022	137	1	1.275
2022	137	2	1.274
2022	137	3	1.273
2022	137	4	1.273
2022	137	5	1.272
2022	137	6	1.272
2022	137	7	1.272
2022	137	8	1.271
2022	137	9	1.27
2022	137	10	1.27
2022	137	11	1.27
2022	137	12	1.27
2022	137	13	1.268
2022	137	14	1.269
2022	137	15	1.268
2022	137	16	1.267
2022	137	17	1.267
2022	137	18	1.266
2022	137	19	1.266
2022	137	20	1.266
2022	137	21	1.264
2022	137	22	1.264
2022	137	23	1.263
2022	137	24	1.263
2022	137	25	1.263
2022	137	26	1.262
2022	137	27	1.261
2022	137	28	1.261
2022	137	29	1.261
2022	137	30	1.26
2022	137	31	1.26
2022	137	32	1.26
2022	137	33	1.259
2022	137	34	1.259
2022	137	35	1.258
2022	137	36	1.257
2022	137	37	1.257
2022	137	38	1.257
2022	137	39	1.256
2022	137	40	1.256
2022	137	41	1.254
2022	137	42	1.255
2022	137	43	1.254
2022	137	44	1.253
2022	137	45	1.253
2022	137	46	1.252
2022	137	47	1.252
2022	137	48	1.251
2022	138	1	1.251
2022	138	2	1.251
2022	138	3	1.251
2022	138	4	1.25
2022	138	5	1.251
2022	138	6	1.25
2022	138	7	1.25
2022	138	8	1.25
2022	138	9	1.25
2022	138	10	1.249
2022	138	11	1.249
2022	138	12	1.249
2022	138	13	1.249
2022	138	14	1.249
2022	138	15	1.249
2022	138	16	1.25
2022	138	17	1.25
2022	138	18	1.25
2022	138	19	1.25
2022	138	20	1.25
2022	138	21	1.25
2022	138	22	1.251
2022	138	23	1.252
2022	138	24	1.252
2022	138	25	1.252
2022	138	26	1.253
2022	138	27	1.253
2022	138	28	1.253
2022	138	29	1.253
2022	138	30	1.254
2022	138	31	1.254
2022	138	32	1.255
2022	138	33	1.255
2022	138	34	1.255
2022	138	35	1.255
2022	138	36	1.255
2022	138	37	1.254
2022	138	38	1.253
2022	138	39	1.253
2022	138	40	1.251
2022	138	41	1.251
2022	138	42	1.25
2022	138	43	1.249
2022	138	44	1.249
2022	138	45	1.249
2022	138	46	1.248
2022	138	47	1.248
2022	138	48	1.248
2022	139	1	1.248
2022	139	2	1.248
2022	139	3	1.248
2022	139	4	1.248
2022	139	5	1.248
2022	139	6	1.248
2022	139	7	1.248
2022	139	8	1.247
2022	139	9	1.247
2022	139	10	1.246
2022	139	11	1.247
2022	139	12	1.246
2022	139	13	1.246
2022	139	14	1.245
2022	139	15	1.245
2022	139	16	1.244
2022	139	17	1.244
2022	139	18	1.243
2022	139	19	1.243
2022	139	20	1.242
2022	139	21	1.242
2022	139	22	1.241
2022	139	23	1.241
2022	139	24	1.241
2022	139	25	1.239
2022	139	26	1.241
2022	139	27	1.239
2022	139	28	1.239
2022	139	29	1.238
2022	139	30	1.238
2022	139	31	1.238
2022	139	32	1.237
2022	139	33	1.237
2022	139	34	1.238
2022	139	35	1.237
2022	139	36	1.238
2022	139	37	1.237
2022	139	38	1.237
2022	139	39	1.236
2022	139	40	1.235
2022	139	41	1.236
2022	139	42	1.236
2022	139	43	1.235
2022	139	44	1.234
2022	139	45	1.234
2022	139	46	1.234
2022	139	47	1.234
2022	139	48	1.234
2022	140	1	1.233
2022	140	2	1.234
2022	140	3	1.234
2022	140	4	1.235
2022	140	5	1.234
2022	140	6	1.234
2022	140	7	1.234
2022	140	8	1.233
2022	140	9	1.233
2022	140	10	1.234
2022	140	11	1.234
2022	140	12	1.233
2022	140	13	1.233
2022	140	14	1.234
2022	140	15	1.234
2022	140	16	1.233
2022	140	17	1.233
2022	140	18	1.233
2022	140	19	1.233
2022	140	20	1.234
2022	140	21	1.234
2022	140	22	1.234
2022	140	23	1.233
2022	140	24	1.235
2022	140	25	1.233
2022	140	26	1.231
2022	140	27	1.235
2022	140	28	1.234
2022	140	29	1.233
2022	140	30	1.234
2022	140	31	1.234
2022	140	32	1.233
2022	140	33	1.234
2022	140	34	1.232
2022	140	35	1.233
2022	140	36	1.233
2022	140	37	1.232
2022	140	38	1.232
2022	140	39	1.233
2022	140	40	1.232
2022	140	41	1.232
2022	140	42	1.233
2022	140	43	1.232
2022	140	44	1.231
2022	140	45	1.231
2022	140	46	1.231
2022	140	47	1.231
2022	140	48	1.231
2022	141	1	1.232
2022	141	2	1.231
2022	141	3	1.231
2022	141	4	1.23
2022	141	5	1.231
2022	141	6	1.231
2022	141	7	1.231
2022	141	8	1.232
2022	141	9	1.23
2022	141	10	1.23
2022	141	11	1.23
2022	141	12	1.23
2022	141	13	1.23
2022	141	14	1.231
2022	141	15	1.23
2022	141	16	1.23
2022	141	17	1.231
2022	141	18	1.23
2022	141	19	1.231
2022	141	20	1.232
2022	141	21	1.232
2022	141	22	1.232
2022	141	23	1.231
2022	141	24	1.231
2022	141	25	1.233
2022	141	26	1.229
2022	141	27	1.229
2022	141	28	1.229
2022	141	29	1.231
2022	141	30	1.23
2022	141	31	1.23
2022	141	32	1.229
2022	141	33	1.232
2022	141	34	1.228
2022	141	35	1.229
2022	141	36	1.228
2022	141	37	1.228
2022	141	38	1.228
2022	141	39	1.227
2022	141	40	1.228
2022	141	41	1.226
2022	141	42	1.226
2022	141	43	1.225
2022	141	44	1.225
2022	141	45	1.224
2022	141	46	1.224
2022	141	47	1.223
2022	141	48	1.222
2022	142	1	1.222
2022	142	2	1.222
2022	142	3	1.221
2022	142	4	1.221
2022	142	5	1.221
2022	142	6	1.221
2022	142	7	1.22
2022	142	8	1.22
2022	142	9	1.22
2022	142	10	1.219
2022	142	11	1.218
2022	142	12	1.218
2022	142	13	1.218
2022	142	14	1.218
2022	142	15	1.218
2022	142	16	1.217
2022	142	17	1.217
2022	142	18	1.217
2022	142	19	1.217
2022	142	20	1.216
2022	142	21	1.215
2022	142	22	1.216
2022	142	23	1.215
2022	142	24	1.215
2022	142	25	1.215
2022	142	26	1.215
2022	142	27	1.215
2022	142	28	1.215
2022	142	29	1.215
2022	142	30	1.215
2022	142	31	1.215
2022	142	32	1.215
2022	142	33	1.214
2022	142	34	1.215
2022	142	35	1.214
2022	142	36	1.215
2022	142	37	1.214
2022	142	38	1.214
2022	142	39	1.214
2022	142	40	1.214
2022	142	41	1.214
2022	142	42	1.213
2022	142	43	1.213
2022	142	44	1.212
2022	142	45	1.212
2022	142	46	1.212
2022	142	47	1.213
2022	142	48	1.212
2022	143	1	1.212
2022	143	2	1.212
2022	143	3	1.212
2022	143	4	1.211
2022	143	5	1.212
2022	143	6	1.211
2022	143	7	1.211
2022	143	8	1.211
2022	143	9	1.211
2022	143	10	1.21
2022	143	11	1.21
2022	143	12	1.21
2022	143	13	1.21
2022	143	14	1.21
2022	143	15	1.21
2022	143	16	1.21
2022	143	17	1.21
2022	143	18	1.21
2022	143	19	1.211
2022	143	20	1.21
2022	143	21	1.21
2022	143	22	1.21
2022	143	23	1.21
2022	143	24	1.209
2022	143	25	1.21
2022	143	26	1.21
2022	143	27	1.211
2022	143	28	1.211
2022	143	29	1.21
2022	143	30	1.209
2022	143	31	1.209
2022	143	32	1.21
2022	143	33	1.21
2022	143	34	1.21
2022	143	35	1.209
2022	143	36	1.209
2022	143	37	1.21
2022	143	38	1.209
2022	143	39	1.209
2022	143	40	1.209
2022	143	41	1.208
2022	143	42	1.208
2022	143	43	1.208
2022	143	44	1.207
2022	143	45	1.207
2022	143	46	1.207
2022	143	47	1.207
2022	143	48	1.206
2022	144	1	1.206
2022	144	2	1.206
2022	144	3	1.206
2022	144	4	1.206
2022	144	5	1.205
2022	144	6	1.205
2022	144	7	1.205
2022	144	8	1.205
2022	144	9	1.205
2022	144	10	1.205
2022	144	11	1.205
2022	144	12	1.204
2022	144	13	1.204
2022	144	14	1.204
2022	144	15	1.204
2022	144	16	1.204
2022	144	17	1.204
2022	144	18	1.204
2022	144	19	1.204
2022	144	20	1.205
2022	144	21	1.204
2022	144	22	1.204
2022	144	23	1.204
2022	144	24	1.203
2022	144	25	1.203
2022	144	26	1.204
2022	144	27	1.203
2022	144	28	1.203
2022	144	29	1.203
2022	144	30	1.203
2022	144	31	1.203
2022	144	32	1.201
2022	144	33	1.203
2022	144	34	1.203
2022	144	35	1.203
2022	144	36	1.203
2022	144	37	1.204
2022	144	38	1.204
2022	144	39	1.204
2022	144	40	1.203
2022	144	41	1.202
2022	144	42	1.202
2022	144	43	1.202
2022	144	44	1.201
2022	144	45	1.201
2022	144	46	1.201
2022	144	47	1.201
2022	144	48	1.201
2022	145	1	1.201
2022	145	2	1.201
2022	145	3	1.201
2022	145	4	1.201
2022	145	5	1.201
2022	145	6	1.201
2022	145	7	1.201
2022	145	8	1.201
2022	145	9	1.201
2022	145	10	1.202
2022	145	11	1.201
2022	145	12	1.202
2022	145	13	1.202
2022	145	14	1.202
2022	145	15	1.201
2022	145	16	1.203
2022	145	17	1.202
2022	145	18	1.202
2022	145	19	1.202
2022	145	20	1.201
2022	145	21	1.203
2022	145	22	1.202
2022	145	23	1.202
2022	145	24	1.202
2022	145	25	1.203
2022	145	26	1.203
2022	145	27	1.205
2022	145	28	1.204
2022	145	29	1.205
2022	145	30	1.204
2022	145	31	1.205
2022	145	32	1.205
2022	145	33	1.206
2022	145	34	1.203
2022	145	35	1.202
2022	145	36	1.202
2022	145	37	1.204
2022	145	38	1.203
2022	145	39	1.204
2022	145	40	1.204
2022	145	41	1.204
2022	145	42	1.204
2022	145	43	1.204
2022	145	44	1.204
2022	145	45	1.204
2022	145	46	1.203
2022	145	47	1.204
2022	145	48	1.205
2022	146	1	1.205
2022	146	2	1.206
2022	146	3	1.206
2022	146	4	1.207
2022	146	5	1.206
2022	146	6	1.206
2022	146	7	1.208
2022	146	8	1.21
2022	146	9	1.211
2022	146	10	1.212
2022	146	11	1.213
2022	146	12	1.214
2022	146	13	1.215
2022	146	14	1.216
2022	146	15	1.216
2022	146	16	1.217
2022	146	17	1.218
2022	146	18	1.218
2022	146	19	1.219
2022	146	20	1.22
2022	146	21	1.222
2022	146	22	1.224
2022	146	23	1.227
2022	146	24	1.229
2022	146	25	1.233
2022	146	26	1.237
2022	146	27	1.241
2022	146	28	1.244
2022	146	29	1.246
2022	146	30	1.248
2022	146	31	1.251
2022	146	32	1.253
2022	146	33	1.254
2022	146	34	1.256
2022	146	35	1.256
2022	146	36	1.258
2022	146	37	1.261
2022	146	38	1.263
2022	146	39	1.269
2022	146	40	1.276
2022	146	41	1.282
2022	146	42	1.289
2022	146	43	1.293
2022	146	44	1.299
2022	146	45	1.302
2022	146	46	1.305
2022	146	47	1.307
2022	146	48	1.31
2022	147	1	1.31
2022	147	2	1.312
2022	147	3	1.313
2022	147	4	1.315
2022	147	5	1.315
2022	147	6	1.317
2022	147	7	1.318
2022	147	8	1.319
2022	147	9	1.322
2022	147	10	1.325
2022	147	11	1.329
2022	147	12	1.333
2022	147	13	1.336
2022	147	14	1.338
2022	147	15	1.34
2022	147	16	1.342
2022	147	17	1.343
2022	147	18	1.345
2022	147	19	1.348
2022	147	20	1.35
2022	147	21	1.353
2022	147	22	1.357
2022	147	23	1.362
2022	147	24	1.366
2022	147	25	1.372
2022	147	26	1.378
2022	147	27	1.384
2022	147	28	1.389
2022	147	29	1.393
2022	147	30	1.396
2022	147	31	1.397
2022	147	32	1.4
2022	147	33	1.402
2022	147	34	1.404
2022	147	35	1.406
2022	147	36	1.409
2022	147	37	1.414
2022	147	38	1.423
2022	147	39	1.434
2022	147	40	1.445
2022	147	41	1.458
2022	147	42	1.471
2022	147	43	1.484
2022	147	44	1.5
2022	147	45	1.517
2022	147	46	1.539
2022	147	47	1.561
2022	147	48	1.579
2022	148	1	1.592
2022	148	2	1.603
2022	148	3	1.61
2022	148	4	1.616
2022	148	5	1.62
2022	148	6	1.622
2022	148	7	1.624
2022	148	8	1.625
2022	148	9	1.624
2022	148	10	1.625
2022	148	11	1.623
2022	148	12	1.623
2022	148	13	1.623
2022	148	14	1.625
2022	148	15	1.628
2022	148	16	1.631
2022	148	17	1.633
2022	148	18	1.635
2022	148	19	1.635
2022	148	20	1.635
2022	148	21	1.635
2022	148	22	1.634
2022	148	23	1.632
2022	148	24	1.631
2022	148	25	1.63
2022	148	26	1.642
2022	148	27	1.66
2022	148	28	1.676
2022	148	29	1.685
2022	148	30	1.689
2022	148	31	1.69
2022	148	32	1.689
2022	148	33	1.688
2022	148	34	1.687
2022	148	35	1.685
2022	148	36	1.683
2022	148	37	1.68
2022	148	38	1.68
2022	148	39	1.68
2022	148	40	1.68
2022	148	41	1.678
2022	148	42	1.677
2022	148	43	1.675
2022	148	44	1.673
2022	148	45	1.672
2022	148	46	1.67
2022	148	47	1.668
2022	148	48	1.666
2022	149	1	1.664
2022	149	2	1.663
2022	149	3	1.661
2022	149	4	1.659
2022	149	5	1.658
2022	149	6	1.656
2022	149	7	1.654
2022	149	8	1.653
2022	149	9	1.652
2022	149	10	1.65
2022	149	11	1.648
2022	149	12	1.646
2022	149	13	1.645
2022	149	14	1.644
2022	149	15	1.642
2022	149	16	1.641
2022	149	17	1.639
2022	149	18	1.638
2022	149	19	1.636
2022	149	20	1.635
2022	149	21	1.633
2022	149	22	1.632
2022	149	23	1.629
2022	149	24	1.628
2022	149	25	1.625
2022	149	26	1.625
2022	149	27	1.624
2022	149	28	1.622
2022	149	29	1.62
2022	149	30	1.617
2022	149	31	1.614
2022	149	32	1.611
2022	149	33	1.608
2022	149	34	1.604
2022	149	35	1.601
2022	149	36	1.597
2022	149	37	1.594
2022	149	38	1.591
2022	149	39	1.587
2022	149	40	1.584
2022	149	41	1.582
2022	149	42	1.578
2022	149	43	1.576
2022	149	44	1.573
2022	149	45	1.571
2022	149	46	1.569
2022	149	47	1.567
2022	149	48	1.565
2022	150	1	1.563
2022	150	2	1.561
2022	150	3	1.559
2022	150	4	1.558
2022	150	5	1.556
2022	150	6	1.555
2022	150	7	1.553
2022	150	8	1.552
2022	150	9	1.55
2022	150	10	1.548
2022	150	11	1.547
2022	150	12	1.546
2022	150	13	1.545
2022	150	14	1.543
2022	150	15	1.542
2022	150	16	1.541
2022	150	17	1.541
2022	150	18	1.54
2022	150	19	1.539
2022	150	20	1.538
2022	150	21	1.537
2022	150	22	1.535
2022	150	23	1.534
2022	150	24	1.533
2022	150	25	1.531
2022	150	26	1.53
2022	150	27	1.528
2022	150	28	1.527
2022	150	29	1.525
2022	150	30	1.524
2022	150	31	1.522
2022	150	32	1.521
2022	150	33	1.519
2022	150	34	1.517
2022	150	35	1.515
2022	150	36	1.513
2022	150	37	1.511
2022	150	38	1.51
2022	150	39	1.507
2022	150	40	1.506
2022	150	41	1.505
2022	150	42	1.503
2022	150	43	1.501
2022	150	44	1.5
2022	150	45	1.499
2022	150	46	1.498
2022	150	47	1.497
2022	150	48	1.496
2022	151	1	1.495
2022	151	2	1.495
2022	151	3	1.494
2022	151	4	1.493
2022	151	5	1.492
2022	151	6	1.491
2022	151	7	1.491
2022	151	8	1.49
2022	151	9	1.49
2022	151	10	1.49
2022	151	11	1.488
2022	151	12	1.489
2022	151	13	1.487
2022	151	14	1.486
2022	151	15	1.487
2022	151	16	1.491
2022	151	17	1.499
2022	151	18	1.512
2022	151	19	1.521
2022	151	20	1.528
2022	151	21	1.531
2022	151	22	1.533
2022	151	23	1.536
2022	151	24	1.535
2022	151	25	1.537
2022	151	26	1.536
2022	151	27	1.536
2022	151	28	1.534
2022	151	29	1.532
2022	151	30	1.531
2022	151	31	1.528
2022	151	32	1.526
2022	151	33	1.524
2022	151	34	1.523
2022	151	35	1.521
2022	151	36	1.519
2022	151	37	1.517
2022	151	38	1.518
2022	151	39	1.516
2022	151	40	1.516
2022	151	41	1.516
2022	151	42	1.518
2022	151	43	1.524
2022	151	44	1.534
2022	151	45	1.546
2022	151	46	1.555
2022	151	47	1.562
2022	151	48	1.568
2022	152	1	1.573
2022	152	2	1.576
2022	152	3	1.579
2022	152	4	1.581
2022	152	5	1.582
2022	152	6	1.582
2022	152	7	1.583
2022	152	8	1.584
2022	152	9	1.583
2022	152	10	1.583
2022	152	11	1.581
2022	152	12	1.58
2022	152	13	1.578
2022	152	14	1.577
2022	152	15	1.575
2022	152	16	1.573
2022	152	17	1.571
2022	152	18	1.57
2022	152	19	1.569
2022	152	20	1.566
2022	152	21	1.564
2022	152	22	1.562
2022	152	23	1.56
2022	152	24	1.559
2022	152	25	1.557
2022	152	26	1.554
2022	152	27	1.55
2022	152	28	1.548
2022	152	29	1.545
2022	152	30	1.542
2022	152	31	1.538
2022	152	32	1.535
2022	152	33	1.533
2022	152	34	1.53
2022	152	35	1.527
2022	152	36	1.523
2022	152	37	1.523
2022	152	38	1.519
2022	152	39	1.516
2022	152	40	1.514
2022	152	41	1.511
2022	152	42	1.51
2022	152	43	1.508
2022	152	44	1.506
2022	152	45	1.505
2022	152	46	1.503
2022	152	47	1.502
2022	152	48	1.501
2022	153	1	1.5
2022	153	2	1.499
2022	153	3	1.498
2022	153	4	1.497
2022	153	5	1.495
2022	153	6	1.495
2022	153	7	1.495
2022	153	8	1.495
2022	153	9	1.497
2022	153	10	1.502
2022	153	11	1.521
2022	153	12	1.587
2022	153	13	1.683
2022	153	14	1.731
2022	153	15	1.751
2022	153	16	1.757
2022	153	17	1.759
2022	153	18	1.76
2022	153	19	1.758
2022	153	20	1.757
2022	153	21	1.755
2022	153	22	1.753
2022	153	23	1.751
2022	153	24	1.751
2022	153	25	1.758
2022	153	26	1.77
2022	153	27	1.792
2022	153	28	1.816
2022	153	29	1.843
2022	153	30	1.854
2022	153	31	1.858
2022	153	32	1.872
2022	153	33	1.879
2022	153	34	1.88
2022	153	35	1.881
2022	153	36	1.88
2022	153	37	1.882
2022	153	38	1.88
2022	153	39	1.88
2022	153	40	1.88
2022	153	41	1.879
2022	153	42	1.878
2022	153	43	1.879
2022	153	44	1.896
2022	153	45	1.906
2022	153	46	1.915
2022	153	47	1.927
2022	153	48	1.931
2022	154	1	1.932
2022	154	2	1.932
2022	154	3	1.931
2022	154	4	1.931
2022	154	5	1.931
2022	154	6	1.933
2022	154	7	1.932
2022	154	8	1.934
2022	154	9	1.935
2022	154	10	1.935
2022	154	11	1.934
2022	154	12	1.934
2022	154	13	1.933
2022	154	14	1.932
2022	154	15	1.932
2022	154	16	1.932
2022	154	17	1.93
2022	154	18	1.929
2022	154	19	1.927
2022	154	20	1.925
2022	154	21	1.922
2022	154	22	1.919
2022	154	23	1.916
2022	154	24	1.91
2022	154	25	1.905
2022	154	26	1.899
2022	154	27	1.894
2022	154	28	1.887
2022	154	29	1.881
2022	154	30	1.874
2022	154	31	1.868
2022	154	32	1.861
2022	154	33	1.854
2022	154	34	1.847
2022	154	35	1.842
2022	154	36	1.837
2022	154	37	1.832
2022	154	38	1.828
2022	154	39	1.824
2022	154	40	1.821
2022	154	41	1.817
2022	154	42	1.815
2022	154	43	1.813
2022	154	44	1.81
2022	154	45	1.809
2022	154	46	1.808
2022	154	47	1.807
2022	154	48	1.806
2022	155	1	1.805
2022	155	2	1.804
2022	155	3	1.803
2022	155	4	1.802
2022	155	5	1.8
2022	155	6	1.799
2022	155	7	1.798
2022	155	8	1.798
2022	155	9	1.797
2022	155	10	1.796
2022	155	11	1.795
2022	155	12	1.795
2022	155	13	1.794
2022	155	14	1.793
2022	155	15	1.792
2022	155	16	1.791
2022	155	17	1.79
2022	155	18	1.792
2022	155	19	1.79
2022	155	20	1.79
2022	155	21	1.788
2022	155	22	1.787
2022	155	23	1.786
2022	155	24	1.784
2022	155	25	1.783
2022	155	26	1.779
2022	155	27	1.777
2022	155	28	1.775
2022	155	29	1.772
2022	155	30	1.77
2022	155	31	1.767
2022	155	32	1.764
2022	155	33	1.77
2022	155	34	1.779
2022	155	35	1.776
2022	155	36	1.772
2022	155	37	1.768
2022	155	38	1.764
2022	155	39	1.761
2022	155	40	1.759
2022	155	41	1.757
2022	155	42	1.756
2022	155	43	1.755
2022	155	44	1.753
2022	155	45	1.752
2022	155	46	1.752
2022	155	47	1.751
2022	155	48	1.749
2022	156	1	1.748
2022	156	2	1.747
2022	156	3	1.746
2022	156	4	1.746
2022	156	5	1.744
2022	156	6	1.744
2022	156	7	1.743
2022	156	8	1.743
2022	156	9	1.742
2022	156	10	1.741
2022	156	11	1.74
2022	156	12	1.739
2022	156	13	1.738
2022	156	14	1.738
2022	156	15	1.737
2022	156	16	1.735
2022	156	17	1.734
2022	156	18	1.732
2022	156	19	1.73
2022	156	20	1.729
2022	156	21	1.727
2022	156	22	1.726
2022	156	23	1.723
2022	156	24	1.721
2022	156	25	1.719
2022	156	26	1.716
2022	156	27	1.714
2022	156	28	1.712
2022	156	29	1.71
2022	156	30	1.709
2022	156	31	1.708
2022	156	32	1.705
2022	156	33	1.703
2022	156	34	1.699
2022	156	35	1.698
2022	156	36	1.696
2022	156	37	1.693
2022	156	38	1.69
2022	156	39	1.689
2022	156	40	1.688
2022	156	41	1.686
2022	156	42	1.685
2022	156	43	1.684
2022	156	44	1.682
2022	156	45	1.68
2022	156	46	1.679
2022	156	47	1.679
