 Wavelength Refl Tran
 400 0.0485 0.0003 
 401 0.0492 0.0003 
 402 0.0499 0.0004 
 403 0.0502 0.0003 
 404 0.0509 0.0004 
 405 0.0517 0.0005 
 406 0.0523 0.0004 
 407 0.0529 0.0005 
 408 0.0536 0.0006 
 409 0.0539 0.0007 
 410 0.0548 0.0007 
 411 0.0551 0.0008 
 412 0.0557 0.0009 
 413 0.0562 0.0010 
 414 0.0569 0.0010 
 415 0.0574 0.0011 
 416 0.0575 0.0012 
 417 0.0582 0.0013 
 418 0.0583 0.0014 
 419 0.0590 0.0015 
 420 0.0596 0.0017 
 421 0.0597 0.0017 
 422 0.0601 0.0017 
 423 0.0603 0.0018 
 424 0.0605 0.0019 
 425 0.0610 0.0019 
 426 0.0611 0.0020 
 427 0.0614 0.0021 
 428 0.0618 0.0022 
 429 0.0618 0.0022 
 430 0.0618 0.0023 
 431 0.0622 0.0023 
 432 0.0624 0.0024 
 433 0.0626 0.0024 
 434 0.0627 0.0025 
 435 0.0624 0.0025 
 436 0.0626 0.0026 
 437 0.0629 0.0026 
 438 0.0628 0.0026 
 439 0.0630 0.0027 
 440 0.0630 0.0027 
 441 0.0634 0.0027 
 442 0.0636 0.0027 
 443 0.0635 0.0028 
 444 0.0636 0.0028 
 445 0.0639 0.0028 
 446 0.0644 0.0029 
 447 0.0645 0.0029 
 448 0.0649 0.0030 
 449 0.0649 0.0031 
 450 0.0653 0.0032 
 451 0.0655 0.0032 
 452 0.0659 0.0032 
 453 0.0660 0.0033 
 454 0.0662 0.0034 
 455 0.0665 0.0034 
 456 0.0664 0.0035 
 457 0.0667 0.0035 
 458 0.0667 0.0036 
 459 0.0670 0.0036 
 460 0.0670 0.0036 
 461 0.0671 0.0037 
 462 0.0671 0.0038 
 463 0.0674 0.0037 
 464 0.0674 0.0038 
 465 0.0675 0.0038 
 466 0.0677 0.0038 
 467 0.0675 0.0039 
 468 0.0677 0.0039 
 469 0.0679 0.0040 
 470 0.0680 0.0040 
 471 0.0677 0.0039 
 472 0.0678 0.0040 
 473 0.0678 0.0041 
 474 0.0681 0.0040 
 475 0.0680 0.0040 
 476 0.0683 0.0041 
 477 0.0680 0.0041 
 478 0.0681 0.0040 
 479 0.0683 0.0041 
 480 0.0680 0.0041 
 481 0.0684 0.0040 
 482 0.0682 0.0040 
 483 0.0686 0.0041 
 484 0.0686 0.0041 
 485 0.0688 0.0040 
 486 0.0683 0.0040 
 487 0.0688 0.0041 
 488 0.0695 0.0042 
 489 0.0695 0.0041 
 490 0.0695 0.0042 
 491 0.0698 0.0043 
 492 0.0702 0.0044 
 493 0.0708 0.0044 
 494 0.0711 0.0045 
 495 0.0715 0.0047 
 496 0.0723 0.0048 
 497 0.0726 0.0050 
 498 0.0734 0.0051 
 499 0.0742 0.0054 
 500 0.0748 0.0057 
 501 0.0758 0.0060 
 502 0.0767 0.0062 
 503 0.0779 0.0067 
 504 0.0789 0.0071 
 505 0.0803 0.0076 
 506 0.0815 0.0083 
 507 0.0828 0.0089 
 508 0.0842 0.0096 
 509 0.0857 0.0105 
 510 0.0875 0.0114 
 511 0.0891 0.0125 
 512 0.0912 0.0136 
 513 0.0929 0.0150 
 514 0.0949 0.0165 
 515 0.0969 0.0181 
 516 0.0991 0.0197 
 517 0.1013 0.0217 
 518 0.1039 0.0238 
 519 0.1060 0.0260 
 520 0.1085 0.0284 
 521 0.1110 0.0309 
 522 0.1134 0.0335 
 523 0.1159 0.0362 
 524 0.1182 0.0388 
 525 0.1207 0.0414 
 526 0.1232 0.0441 
 527 0.1254 0.0467 
 528 0.1272 0.0491 
 529 0.1292 0.0516 
 530 0.1312 0.0539 
 531 0.1328 0.0556 
 532 0.1344 0.0576 
 533 0.1357 0.0593 
 534 0.1368 0.0608 
 535 0.1378 0.0621 
 536 0.1390 0.0633 
 537 0.1397 0.0644 
 538 0.1407 0.0653 
 539 0.1411 0.0664 
 540 0.1416 0.0669 
 541 0.1422 0.0676 
 542 0.1425 0.0681 
 543 0.1430 0.0688 
 544 0.1431 0.0691 
 545 0.1434 0.0699 
 546 0.1437 0.0703 
 547 0.1443 0.0710 
 548 0.1446 0.0713 
 549 0.1450 0.0718 
 550 0.1452 0.0720 
 551 0.1452 0.0723 
 552 0.1451 0.0724 
 553 0.1448 0.0725 
 554 0.1448 0.0724 
 555 0.1443 0.0723 
 556 0.1445 0.0720 
 557 0.1439 0.0718 
 558 0.1436 0.0709 
 559 0.1425 0.0704 
 560 0.1418 0.0695 
 561 0.1410 0.0682 
 562 0.1402 0.0671 
 563 0.1390 0.0656 
 564 0.1376 0.0644 
 565 0.1363 0.0630 
 566 0.1349 0.0611 
 567 0.1334 0.0593 
 568 0.1317 0.0573 
 569 0.1299 0.0554 
 570 0.1282 0.0536 
 571 0.1267 0.0516 
 572 0.1250 0.0494 
 573 0.1234 0.0476 
 574 0.1220 0.0461 
 575 0.1208 0.0443 
 576 0.1192 0.0430 
 577 0.1179 0.0416 
 578 0.1166 0.0404 
 579 0.1158 0.0391 
 580 0.1145 0.0383 
 581 0.1139 0.0373 
 582 0.1133 0.0362 
 583 0.1118 0.0353 
 584 0.1115 0.0348 
 585 0.1110 0.0339 
 586 0.1100 0.0332 
 587 0.1095 0.0326 
 588 0.1090 0.0321 
 589 0.1084 0.0316 
 590 0.1083 0.0312 
 591 0.1078 0.0308 
 592 0.1073 0.0305 
 593 0.1071 0.0304 
 594 0.1070 0.0300 
 595 0.1066 0.0297 
 596 0.1067 0.0295 
 597 0.1062 0.0294 
 598 0.1057 0.0292 
 599 0.1056 0.0289 
 600 0.1055 0.0288 
 601 0.1049 0.0285 
 602 0.1049 0.0281 
 603 0.1044 0.0279 
 604 0.1040 0.0275 
 605 0.1032 0.0268 
 606 0.1025 0.0265 
 607 0.1018 0.0258 
 608 0.1013 0.0250 
 609 0.1004 0.0245 
 610 0.0996 0.0238 
 611 0.0989 0.0231 
 612 0.0980 0.0224 
 613 0.0972 0.0216 
 614 0.0966 0.0209 
 615 0.0960 0.0204 
 616 0.0949 0.0198 
 617 0.0942 0.0192 
 618 0.0940 0.0187 
 619 0.0934 0.0182 
 620 0.0929 0.0180 
 621 0.0924 0.0176 
 622 0.0918 0.0172 
 623 0.0915 0.0170 
 624 0.0913 0.0169 
 625 0.0912 0.0168 
 626 0.0911 0.0167 
 627 0.0912 0.0165 
 628 0.0907 0.0164 
 629 0.0906 0.0166 
 630 0.0909 0.0165 
 631 0.0907 0.0166 
 632 0.0903 0.0163 
 633 0.0904 0.0163 
 634 0.0901 0.0163 
 635 0.0898 0.0160 
 636 0.0895 0.0157 
 637 0.0894 0.0155 
 638 0.0889 0.0150 
 639 0.0882 0.0147 
 640 0.0875 0.0145 
 641 0.0870 0.0140 
 642 0.0866 0.0134 
 643 0.0859 0.0131 
 644 0.0853 0.0127 
 645 0.0848 0.0122 
 646 0.0839 0.0117 
 647 0.0829 0.0113 
 648 0.0822 0.0109 
 649 0.0814 0.0106 
 650 0.0812 0.0102 
 651 0.0806 0.0101 
 652 0.0801 0.0099 
 653 0.0793 0.0097 
 654 0.0790 0.0095 
 655 0.0777 0.0091 
 656 0.0778 0.0089 
 657 0.0770 0.0085 
 658 0.0759 0.0082 
 659 0.0749 0.0078 
 660 0.0740 0.0075 
 661 0.0730 0.0072 
 662 0.0718 0.0068 
 663 0.0708 0.0065 
 664 0.0705 0.0064 
 665 0.0695 0.0061 
 666 0.0688 0.0060 
 667 0.0680 0.0058 
 668 0.0673 0.0057 
 669 0.0665 0.0055 
 670 0.0663 0.0055 
 671 0.0660 0.0053 
 672 0.0655 0.0052 
 673 0.0652 0.0052 
 674 0.0651 0.0051 
 675 0.0646 0.0051 
 676 0.0649 0.0051 
 677 0.0649 0.0051 
 678 0.0649 0.0051 
 679 0.0648 0.0051 
 680 0.0649 0.0051 
 681 0.0652 0.0051 
 682 0.0660 0.0053 
 683 0.0664 0.0054 
 684 0.0674 0.0054 
 685 0.0682 0.0057 
 686 0.0698 0.0061 
 687 0.0719 0.0064 
 688 0.0736 0.0070 
 689 0.0767 0.0079 
 690 0.0792 0.0090 
 691 0.0822 0.0105 
 692 0.0858 0.0123 
 693 0.0896 0.0147 
 694 0.0937 0.0177 
 695 0.0978 0.0212 
 696 0.1019 0.0251 
 697 0.1066 0.0300 
 698 0.1110 0.0351 
 699 0.1157 0.0408 
 700 0.1209 0.0470 
 701 0.1258 0.0536 
 702 0.1315 0.0605 
 703 0.1367 0.0672 
 704 0.1414 0.0742 
 705 0.1468 0.0813 
 706 0.1518 0.0884 
 707 0.1574 0.0959 
 708 0.1630 0.1040 
 709 0.1686 0.1121 
 710 0.1743 0.1194 
 711 0.1812 0.1282 
 712 0.1885 0.1364 
 713 0.1958 0.1449 
 714 0.2012 0.1539 
 715 0.2082 0.1632 
 716 0.2149 0.1729 
 717 0.2231 0.1824 
 718 0.2317 0.1928 
 719 0.2403 0.2029 
 720 0.2488 0.2131 
 721 0.2564 0.2222 
 722 0.2657 0.2332 
 723 0.2742 0.2442 
 724 0.2839 0.2553 
 725 0.2929 0.2661 
 726 0.3021 0.2774 
 727 0.3108 0.2876 
 728 0.3185 0.2982 
 729 0.3283 0.3082 
 730 0.3364 0.3180 
 731 0.3453 0.3275 
 732 0.3525 0.3375 
 733 0.3610 0.3463 
 734 0.3695 0.3559 
 735 0.3766 0.3635 
 736 0.3840 0.3716 
 737 0.3890 0.3799 
 738 0.3975 0.3851 
 739 0.4032 0.3926 
 740 0.4080 0.3986 
 741 0.4127 0.4050 
 742 0.4181 0.4092 
 743 0.4232 0.4140 
 744 0.4259 0.4190 
 745 0.4318 0.4258 
 746 0.4346 0.4294 
 747 0.4373 0.4333 
 748 0.4409 0.4377 
 749 0.4451 0.4399 
 750 0.4456 0.4436 
 751 0.4477 0.4466 
 752 0.4499 0.4465 
 753 0.4512 0.4499 
 754 0.4526 0.4522 
 755 0.4560 0.4521 
 756 0.4583 0.4561 
 757 0.4568 0.4578 
 758 0.4617 0.4607 
 759 0.4607 0.4608 
 760 0.4608 0.4616 
 761 0.4611 0.4621 
 762 0.4639 0.4640 
 763 0.4637 0.4642 
 764 0.4622 0.4657 
 765 0.4633 0.4661 
 766 0.4625 0.4653 
 767 0.4674 0.4675 
 768 0.4649 0.4691 
 769 0.4657 0.4695 
 770 0.4660 0.4682 
 771 0.4665 0.4706 
 772 0.4675 0.4684 
 773 0.4681 0.4707 
 774 0.4690 0.4715 
 775 0.4642 0.4722 
 776 0.4667 0.4712 
 777 0.4672 0.4731 
 778 0.4690 0.4731 
 779 0.4685 0.4724 
 780 0.4692 0.4716 
 781 0.4696 0.4742 
 782 0.4660 0.4718 
 783 0.4659 0.4700 
 784 0.4680 0.4728 
 785 0.4682 0.4745 
 786 0.4672 0.4749 
 787 0.4689 0.4741 
 788 0.4686 0.4733 
 789 0.4676 0.4732 
 790 0.4682 0.4749 
 791 0.4681 0.4742 
 792 0.4686 0.4754 
 793 0.4686 0.4748 
 794 0.4667 0.4736 
 795 0.4655 0.4759 
 796 0.4689 0.4739 
 797 0.4675 0.4722 
 798 0.4660 0.4733 
 799 0.4664 0.4733 
 800 0.4706 0.4799 
 801 0.4692 0.4760 
 802 0.4672 0.4740 
 803 0.4684 0.4769 
 804 0.4722 0.4802 
 805 0.4683 0.4762 
 806 0.4681 0.4765 
 807 0.4686 0.4772 
 808 0.4675 0.4752 
 809 0.4686 0.4775 
 810 0.4695 0.4766 
 811 0.4665 0.4760 
 812 0.4693 0.4747 
 813 0.4717 0.4773 
 814 0.4686 0.4791 
 815 0.4690 0.4771 
 816 0.4694 0.4762 
 817 0.4672 0.4757 
 818 0.4674 0.4754 
 819 0.4692 0.4790 
 820 0.4723 0.4804 
 821 0.4712 0.4790 
 822 0.4709 0.4787 
 823 0.4656 0.4788 
 824 0.4667 0.4757 
 825 0.4682 0.4803 
 826 0.4660 0.4762 
 827 0.4669 0.4744 
 828 0.4704 0.4789 
 829 0.4652 0.4767 
 830 0.4660 0.4768 
 831 0.4685 0.4768 
 832 0.4684 0.4744 
 833 0.4704 0.4771 
 834 0.4702 0.4853 
 835 0.4692 0.4817 
 836 0.4735 0.4823 
 837 0.4659 0.4805 
 838 0.4689 0.4804 
 839 0.4702 0.4818 
 840 0.4735 0.4797 
 841 0.4701 0.4820 
 842 0.4649 0.4716 
 843 0.4650 0.4830 
 844 0.4648 0.4825 
 845 0.4684 0.4840 
 846 0.4669 0.4829 
 847 0.4714 0.4829 
 848 0.4730 0.4879 
 849 0.4712 0.4806 
 850 0.4690 0.4792 
 851 0.4690 0.4815 
 852 0.4648 0.4856 
 853 0.4677 0.4792 
 854 0.4665 0.4825 
 855 0.4654 0.4796 
 856 0.4735 0.4787 
 857 0.4680 0.4851 
 858 0.4639 0.4818 
 859 0.4651 0.4804 
 860 0.4622 0.4795 
 861 0.4719 0.4845 
 862 0.4722 0.4859 
 863 0.4717 0.4858 
 864 0.4720 0.4857 
 865 0.4708 0.4852 
 866 0.4711 0.4846 
 867 0.4713 0.4853 
 868 0.4717 0.4854 
 869 0.4706 0.4848 
 870 0.4697 0.4848 
 871 0.4709 0.4855 
 872 0.4709 0.4857 
 873 0.4705 0.4858 
 874 0.4701 0.4853 
 875 0.4703 0.4849 
 876 0.4699 0.4858 
 877 0.4710 0.4861 
 878 0.4708 0.4855 
 879 0.4713 0.4861 
 880 0.4701 0.4856 
 881 0.4707 0.4872 
 882 0.4694 0.4865 
 883 0.4697 0.4854 
 884 0.4691 0.4859 
 885 0.4694 0.4859 
 886 0.4694 0.4866 
 887 0.4697 0.4862 
 888 0.4691 0.4863 
 889 0.4697 0.4872 
 890 0.4695 0.4866 
 891 0.4694 0.4860 
 892 0.4693 0.4863 
 893 0.4696 0.4870 
 894 0.4693 0.4870 
 895 0.4693 0.4868 
 896 0.4693 0.4868 
 897 0.4699 0.4871 
 898 0.4693 0.4878 
 899 0.4676 0.4874 
 900 0.4679 0.4878 
 901 0.4683 0.4877 
 902 0.4684 0.4871 
 903 0.4673 0.4882 
 904 0.4672 0.4882 
 905 0.4677 0.4877 
 906 0.4664 0.4865 
 907 0.4676 0.4868 
 908 0.4683 0.4871 
 909 0.4678 0.4881 
 910 0.4669 0.4879 
 911 0.4672 0.4877 
 912 0.4671 0.4874 
 913 0.4664 0.4878 
 914 0.4665 0.4883 
 915 0.4668 0.4887 
 916 0.4679 0.4885 
 917 0.4659 0.4888 
 918 0.4654 0.4882 
 919 0.4658 0.4878 
 920 0.4659 0.4883 
 921 0.4648 0.4880 
 922 0.4655 0.4889 
 923 0.4658 0.4884 
 924 0.4658 0.4879 
 925 0.4660 0.4883 
 926 0.4666 0.4881 
 927 0.4654 0.4881 
 928 0.4638 0.4885 
 929 0.4648 0.4874 
 930 0.4641 0.4874 
 931 0.4633 0.4878 
 932 0.4642 0.4873 
 933 0.4638 0.4872 
 934 0.4634 0.4872 
 935 0.4633 0.4870 
 936 0.4632 0.4871 
 937 0.4625 0.4867 
 938 0.4626 0.4868 
 939 0.4626 0.4869 
 940 0.4614 0.4863 
 941 0.4622 0.4866 
 942 0.4616 0.4856 
 943 0.4617 0.4860 
 944 0.4620 0.4859 
 945 0.4611 0.4857 
 946 0.4606 0.4851 
 947 0.4605 0.4852 
 948 0.4591 0.4852 
 949 0.4592 0.4847 
 950 0.4581 0.4845 
 951 0.4585 0.4836 
 952 0.4587 0.4835 
 953 0.4580 0.4832 
 954 0.4569 0.4824 
 955 0.4567 0.4821 
 956 0.4561 0.4813 
 957 0.4558 0.4807 
 958 0.4550 0.4804 
 959 0.4558 0.4797 
 960 0.4555 0.4809 
 961 0.4552 0.4814 
 962 0.4547 0.4805 
 963 0.4540 0.4799 
 964 0.4545 0.4790 
 965 0.4540 0.4794 
 966 0.4538 0.4793 
 967 0.4540 0.4800 
 968 0.4540 0.4799 
 969 0.4541 0.4801 
 970 0.4535 0.4791 
 971 0.4527 0.4795 
 972 0.4534 0.4799 
 973 0.4536 0.4802 
 974 0.4527 0.4807 
 975 0.4532 0.4798 
 976 0.4535 0.4807 
 977 0.4535 0.4804 
 978 0.4530 0.4799 
 979 0.4523 0.4808 
 980 0.4539 0.4802 
 981 0.4541 0.4804 
 982 0.4535 0.4816 
 983 0.4539 0.4807 
 984 0.4539 0.4806 
 985 0.4536 0.4802 
 986 0.4529 0.4804 
 987 0.4533 0.4810 
 988 0.4533 0.4804 
 989 0.4532 0.4808 
 990 0.4545 0.4816 
 991 0.4542 0.4814 
 992 0.4539 0.4828 
 993 0.4545 0.4817 
 994 0.4539 0.4821 
 995 0.4542 0.4821 
 996 0.4538 0.4830 
 997 0.4535 0.4829 
 998 0.4541 0.4835 
 999 0.4547 0.4842 
1000 0.4538 0.4840 
1001 0.4550 0.4838 
1002 0.4546 0.4836 
1003 0.4544 0.4832 
1004 0.4552 0.4848 
1005 0.4558 0.4849 
1006 0.4551 0.4848 
1007 0.4547 0.4840 
1008 0.4547 0.4847 
1009 0.4549 0.4849 
1010 0.4548 0.4851 
1011 0.4554 0.4855 
1012 0.4563 0.4864 
1013 0.4549 0.4859 
1014 0.4559 0.4861 
1015 0.4554 0.4861 
1016 0.4553 0.4856 
1017 0.4565 0.4871 
1018 0.4558 0.4871 
1019 0.4562 0.4871 
1020 0.4560 0.4877 
1021 0.4570 0.4875 
1022 0.4565 0.4883 
1023 0.4563 0.4884 
1024 0.4554 0.4890 
1025 0.4560 0.4885 
1026 0.4567 0.4884 
1027 0.4571 0.4887 
1028 0.4570 0.4892 
1029 0.4568 0.4893 
1030 0.4559 0.4896 
1031 0.4580 0.4904 
1032 0.4571 0.4896 
1033 0.4563 0.4895 
1034 0.4562 0.4893 
1035 0.4573 0.4901 
1036 0.4576 0.4897 
1037 0.4566 0.4911 
1038 0.4581 0.4903 
1039 0.4575 0.4910 
1040 0.4572 0.4910 
1041 0.4569 0.4914 
1042 0.4570 0.4919 
1043 0.4569 0.4912 
1044 0.4580 0.4919 
1045 0.4581 0.4922 
1046 0.4581 0.4918 
1047 0.4582 0.4918 
1048 0.4578 0.4923 
1049 0.4576 0.4919 
1050 0.4573 0.4920 
1051 0.4573 0.4922 
1052 0.4581 0.4925 
1053 0.4576 0.4922 
1054 0.4575 0.4935 
1055 0.4577 0.4937 
1056 0.4592 0.4938 
1057 0.4582 0.4932 
1058 0.4586 0.4934 
1059 0.4573 0.4928 
1060 0.4583 0.4935 
1061 0.4576 0.4932 
1062 0.4579 0.4942 
1063 0.4578 0.4940 
1064 0.4581 0.4943 
1065 0.4580 0.4944 
1066 0.4589 0.4940 
1067 0.4589 0.4942 
1068 0.4580 0.4932 
1069 0.4578 0.4950 
1070 0.4581 0.4946 
1071 0.4571 0.4945 
1072 0.4577 0.4946 
1073 0.4576 0.4949 
1074 0.4583 0.4940 
1075 0.4577 0.4941 
1076 0.4568 0.4945 
1077 0.4577 0.4949 
1078 0.4577 0.4951 
1079 0.4569 0.4950 
1080 0.4577 0.4946 
1081 0.4569 0.4943 
1082 0.4565 0.4936 
1083 0.4574 0.4951 
1084 0.4572 0.4947 
1085 0.4565 0.4952 
1086 0.4570 0.4954 
1087 0.4564 0.4952 
1088 0.4568 0.4947 
1089 0.4569 0.4952 
1090 0.4567 0.4944 
1091 0.4567 0.4950 
1092 0.4565 0.4954 
1093 0.4566 0.4953 
1094 0.4566 0.4942 
1095 0.4555 0.4942 
1096 0.4558 0.4942 
1097 0.4558 0.4948 
1098 0.4548 0.4939 
1099 0.4561 0.4955 
1100 0.4559 0.4947 
1101 0.4556 0.4948 
1102 0.4552 0.4948 
1103 0.4554 0.4941 
1104 0.4547 0.4936 
1105 0.4548 0.4937 
1106 0.4547 0.4934 
1107 0.4552 0.4930 
1108 0.4540 0.4930 
1109 0.4539 0.4930 
1110 0.4541 0.4930 
1111 0.4541 0.4928 
1112 0.4539 0.4924 
1113 0.4536 0.4933 
1114 0.4536 0.4923 
1115 0.4533 0.4931 
1116 0.4535 0.4930 
1117 0.4537 0.4924 
1118 0.4540 0.4939 
1119 0.4540 0.4944 
1120 0.4542 0.4941 
1121 0.4539 0.4940 
1122 0.4529 0.4935 
1123 0.4529 0.4932 
1124 0.4528 0.4924 
1125 0.4520 0.4917 
1126 0.4517 0.4928 
1127 0.4517 0.4916 
1128 0.4506 0.4910 
1129 0.4500 0.4902 
1130 0.4493 0.4901 
1131 0.4488 0.4893 
1132 0.4493 0.4899 
1133 0.4488 0.4891 
1134 0.4486 0.4899 
1135 0.4471 0.4882 
1136 0.4457 0.4861 
1137 0.4447 0.4843 
1138 0.4431 0.4839 
1139 0.4430 0.4837 
1140 0.4418 0.4822 
1141 0.4417 0.4815 
1142 0.4411 0.4804 
1143 0.4404 0.4800 
1144 0.4384 0.4791 
1145 0.4384 0.4788 
1146 0.4370 0.4767 
1147 0.4356 0.4752 
1148 0.4343 0.4753 
1149 0.4343 0.4739 
1150 0.4332 0.4728 
1151 0.4329 0.4725 
1152 0.4315 0.4714 
1153 0.4317 0.4712 
1154 0.4318 0.4706 
1155 0.4308 0.4703 
1156 0.4303 0.4700 
1157 0.4291 0.4692 
1158 0.4288 0.4690 
1159 0.4290 0.4680 
1160 0.4285 0.4686 
1161 0.4284 0.4685 
1162 0.4275 0.4691 
1163 0.4279 0.4679 
1164 0.4275 0.4674 
1165 0.4267 0.4672 
1166 0.4265 0.4666 
1167 0.4273 0.4673 
1168 0.4263 0.4665 
1169 0.4266 0.4667 
1170 0.4261 0.4669 
1171 0.4260 0.4660 
1172 0.4260 0.4658 
1173 0.4259 0.4652 
1174 0.4253 0.4659 
1175 0.4257 0.4662 
1176 0.4258 0.4655 
1177 0.4249 0.4650 
1178 0.4258 0.4654 
1179 0.4258 0.4649 
1180 0.4251 0.4642 
1181 0.4241 0.4639 
1182 0.4244 0.4643 
1183 0.4241 0.4637 
1184 0.4230 0.4636 
1185 0.4229 0.4627 
1186 0.4231 0.4630 
1187 0.4225 0.4627 
1188 0.4212 0.4628 
1189 0.4225 0.4621 
1190 0.4219 0.4627 
1191 0.4236 0.4649 
1192 0.4233 0.4645 
1193 0.4234 0.4641 
1194 0.4241 0.4654 
1195 0.4239 0.4647 
1196 0.4233 0.4647 
1197 0.4236 0.4646 
1198 0.4234 0.4647 
1199 0.4240 0.4644 
1200 0.4229 0.4641 
1201 0.4228 0.4646 
1202 0.4228 0.4645 
1203 0.4230 0.4649 
1204 0.4240 0.4654 
1205 0.4237 0.4651 
1206 0.4239 0.4647 
1207 0.4237 0.4647 
1208 0.4235 0.4649 
1209 0.4239 0.4653 
1210 0.4230 0.4662 
1211 0.4232 0.4666 
1212 0.4243 0.4654 
1213 0.4242 0.4650 
1214 0.4231 0.4654 
1215 0.4230 0.4656 
1216 0.4233 0.4659 
1217 0.4232 0.4676 
1218 0.4243 0.4681 
1219 0.4239 0.4673 
1220 0.4242 0.4675 
1221 0.4237 0.4681 
1222 0.4238 0.4683 
1223 0.4233 0.4674 
1224 0.4245 0.4672 
1225 0.4249 0.4684 
1226 0.4245 0.4688 
1227 0.4243 0.4688 
1228 0.4245 0.4696 
1229 0.4240 0.4695 
1230 0.4252 0.4690 
1231 0.4248 0.4697 
1232 0.4252 0.4703 
1233 0.4244 0.4701 
1234 0.4248 0.4699 
1235 0.4257 0.4708 
1236 0.4262 0.4708 
1237 0.4253 0.4701 
1238 0.4251 0.4696 
1239 0.4250 0.4706 
1240 0.4256 0.4716 
1241 0.4258 0.4721 
1242 0.4264 0.4715 
1243 0.4265 0.4720 
1244 0.4262 0.4726 
1245 0.4269 0.4730 
1246 0.4273 0.4737 
1247 0.4271 0.4732 
1248 0.4263 0.4724 
1249 0.4265 0.4735 
1250 0.4270 0.4730 
1251 0.4269 0.4737 
1252 0.4265 0.4743 
1253 0.4267 0.4742 
1254 0.4263 0.4735 
1255 0.4276 0.4742 
1256 0.4259 0.4751 
1257 0.4266 0.4745 
1258 0.4274 0.4742 
1259 0.4270 0.4751 
1260 0.4271 0.4750 
1261 0.4274 0.4756 
1262 0.4276 0.4746 
1263 0.4272 0.4744 
1264 0.4264 0.4751 
1265 0.4268 0.4748 
1266 0.4268 0.4748 
1267 0.4266 0.4745 
1268 0.4261 0.4745 
1269 0.4266 0.4748 
1270 0.4272 0.4747 
1271 0.4266 0.4751 
1272 0.4260 0.4737 
1273 0.4251 0.4739 
1274 0.4257 0.4748 
1275 0.4254 0.4742 
1276 0.4257 0.4743 
1277 0.4253 0.4744 
1278 0.4253 0.4753 
1279 0.4254 0.4751 
1280 0.4250 0.4740 
1281 0.4246 0.4739 
1282 0.4256 0.4748 
1283 0.4252 0.4746 
1284 0.4245 0.4737 
1285 0.4242 0.4748 
1286 0.4236 0.4737 
1287 0.4232 0.4735 
1288 0.4248 0.4733 
1289 0.4242 0.4734 
1290 0.4234 0.4726 
1291 0.4233 0.4723 
1292 0.4233 0.4723 
1293 0.4223 0.4724 
1294 0.4226 0.4726 
1295 0.4219 0.4717 
1296 0.4213 0.4708 
1297 0.4220 0.4707 
1298 0.4212 0.4700 
1299 0.4210 0.4701 
1300 0.4197 0.4693 
1301 0.4190 0.4692 
1302 0.4191 0.4692 
1303 0.4186 0.4683 
1304 0.4179 0.4674 
1305 0.4178 0.4669 
1306 0.4169 0.4670 
1307 0.4170 0.4656 
1308 0.4167 0.4660 
1309 0.4162 0.4657 
1310 0.4155 0.4648 
1311 0.4148 0.4642 
1312 0.4148 0.4632 
1313 0.4142 0.4631 
1314 0.4132 0.4630 
1315 0.4116 0.4619 
1316 0.4107 0.4610 
1317 0.4096 0.4598 
1318 0.4098 0.4590 
1319 0.4089 0.4582 
1320 0.4077 0.4572 
1321 0.4072 0.4565 
1322 0.4058 0.4546 
1323 0.4057 0.4556 
1324 0.4051 0.4548 
1325 0.4036 0.4532 
1326 0.4028 0.4514 
1327 0.4015 0.4512 
1328 0.4000 0.4485 
1329 0.3999 0.4495 
1330 0.4001 0.4486 
1331 0.3983 0.4468 
1332 0.3970 0.4456 
1333 0.3962 0.4448 
1334 0.3951 0.4446 
1335 0.3945 0.4429 
1336 0.3928 0.4403 
1337 0.3924 0.4402 
1338 0.3913 0.4395 
1339 0.3904 0.4380 
1340 0.3895 0.4370 
1341 0.3880 0.4358 
1342 0.3867 0.4350 
1343 0.3859 0.4342 
1344 0.3854 0.4325 
1345 0.3844 0.4309 
1346 0.3834 0.4308 
1347 0.3832 0.4299 
1348 0.3822 0.4290 
1349 0.3808 0.4271 
1350 0.3790 0.4257 
1351 0.3787 0.4252 
1352 0.3781 0.4231 
1353 0.3769 0.4233 
1354 0.3766 0.4222 
1355 0.3756 0.4215 
1356 0.3734 0.4192 
1357 0.3728 0.4190 
1358 0.3723 0.4186 
1359 0.3716 0.4181 
1360 0.3711 0.4181 
1361 0.3703 0.4177 
1362 0.3698 0.4168 
1363 0.3684 0.4172 
1364 0.3669 0.4162 
1365 0.3660 0.4147 
1366 0.3646 0.4132 
1367 0.3633 0.4120 
1368 0.3622 0.4106 
1369 0.3604 0.4085 
1370 0.3589 0.4063 
1371 0.3576 0.4036 
1372 0.3553 0.4009 
1373 0.3520 0.3980 
1374 0.3491 0.3933 
1375 0.3468 0.3899 
1376 0.3437 0.3867 
1377 0.3395 0.3829 
1378 0.3363 0.3810 
1379 0.3333 0.3774 
1380 0.3310 0.3739 
1381 0.3280 0.3707 
1382 0.3235 0.3662 
1383 0.3183 0.3610 
1384 0.3118 0.3553 
1385 0.3072 0.3490 
1386 0.3027 0.3425 
1387 0.2967 0.3364 
1388 0.2906 0.3296 
1389 0.2845 0.3216 
1390 0.2790 0.3142 
1391 0.2733 0.3075 
1392 0.2679 0.3020 
1393 0.2627 0.2946 
1394 0.2555 0.2868 
1395 0.2493 0.2813 
1396 0.2439 0.2735 
1397 0.2378 0.2668 
1398 0.2317 0.2602 
1399 0.2270 0.2544 
1400 0.2223 0.2484 
1401 0.2169 0.2419 
1402 0.2129 0.2366 
1403 0.2082 0.2315 
1404 0.2041 0.2271 
1405 0.2000 0.2237 
1406 0.1961 0.2182 
1407 0.1925 0.2144 
1408 0.1886 0.2104 
1409 0.1857 0.2056 
1410 0.1822 0.2017 
1411 0.1792 0.1984 
1412 0.1764 0.1946 
1413 0.1744 0.1915 
1414 0.1724 0.1891 
1415 0.1702 0.1873 
1416 0.1681 0.1852 
1417 0.1659 0.1829 
1418 0.1638 0.1804 
1419 0.1619 0.1782 
1420 0.1602 0.1768 
1421 0.1589 0.1749 
1422 0.1579 0.1719 
1423 0.1571 0.1709 
1424 0.1550 0.1692 
1425 0.1539 0.1670 
1426 0.1519 0.1663 
1427 0.1518 0.1660 
1428 0.1512 0.1633 
1429 0.1492 0.1623 
1430 0.1490 0.1615 
1431 0.1478 0.1601 
1432 0.1470 0.1599 
1433 0.1466 0.1586 
1434 0.1463 0.1568 
1435 0.1452 0.1561 
1436 0.1447 0.1563 
1437 0.1437 0.1557 
1438 0.1438 0.1542 
1439 0.1436 0.1545 
1440 0.1427 0.1548 
1441 0.1423 0.1539 
1442 0.1427 0.1536 
1443 0.1419 0.1541 
1444 0.1418 0.1538 
1445 0.1418 0.1537 
1446 0.1409 0.1534 
1447 0.1408 0.1524 
1448 0.1409 0.1523 
1449 0.1422 0.1520 
1450 0.1405 0.1526 
1451 0.1409 0.1523 
1452 0.1407 0.1523 
1453 0.1404 0.1515 
1454 0.1405 0.1511 
1455 0.1402 0.1515 
1456 0.1405 0.1512 
1457 0.1412 0.1514 
1458 0.1408 0.1521 
1459 0.1400 0.1528 
1460 0.1402 0.1521 
1461 0.1403 0.1525 
1462 0.1418 0.1537 
1463 0.1415 0.1545 
1464 0.1437 0.1555 
1465 0.1438 0.1565 
1466 0.1445 0.1567 
1467 0.1450 0.1583 
1468 0.1454 0.1588 
1469 0.1467 0.1598 
1470 0.1465 0.1613 
1471 0.1477 0.1625 
1472 0.1480 0.1641 
1473 0.1504 0.1650 
1474 0.1504 0.1659 
1475 0.1508 0.1675 
1476 0.1526 0.1688 
1477 0.1540 0.1711 
1478 0.1540 0.1722 
1479 0.1558 0.1731 
1480 0.1564 0.1743 
1481 0.1589 0.1761 
1482 0.1594 0.1782 
1483 0.1601 0.1784 
1484 0.1615 0.1789 
1485 0.1634 0.1819 
1486 0.1634 0.1834 
1487 0.1647 0.1857 
1488 0.1656 0.1872 
1489 0.1675 0.1889 
1490 0.1685 0.1910 
1491 0.1694 0.1914 
1492 0.1712 0.1939 
1493 0.1723 0.1959 
1494 0.1746 0.1976 
1495 0.1755 0.1990 
1496 0.1762 0.2009 
1497 0.1773 0.2028 
1498 0.1795 0.2038 
1499 0.1808 0.2055 
1500 0.1822 0.2068 
1501 0.1833 0.2099 
1502 0.1850 0.2117 
1503 0.1862 0.2129 
1504 0.1869 0.2147 
1505 0.1884 0.2168 
1506 0.1905 0.2180 
1507 0.1912 0.2189 
1508 0.1923 0.2214 
1509 0.1939 0.2230 
1510 0.1956 0.2250 
1511 0.1974 0.2265 
1512 0.1989 0.2288 
1513 0.2000 0.2307 
1514 0.2022 0.2321 
1515 0.2033 0.2341 
1516 0.2041 0.2353 
1517 0.2056 0.2368 
1518 0.2062 0.2389 
1519 0.2074 0.2413 
1520 0.2092 0.2426 
1521 0.2112 0.2439 
1522 0.2131 0.2457 
1523 0.2149 0.2487 
1524 0.2154 0.2498 
1525 0.2171 0.2512 
1526 0.2186 0.2531 
1527 0.2206 0.2552 
1528 0.2211 0.2563 
1529 0.2228 0.2577 
1530 0.2243 0.2599 
1531 0.2257 0.2622 
1532 0.2279 0.2634 
1533 0.2284 0.2651 
1534 0.2294 0.2659 
1535 0.2297 0.2674 
1536 0.2310 0.2695 
1537 0.2325 0.2716 
1538 0.2340 0.2732 
1539 0.2354 0.2740 
1540 0.2367 0.2751 
1541 0.2374 0.2778 
1542 0.2396 0.2790 
1543 0.2405 0.2807 
1544 0.2421 0.2818 
1545 0.2423 0.2841 
1546 0.2437 0.2854 
1547 0.2452 0.2867 
1548 0.2463 0.2875 
1549 0.2473 0.2896 
1550 0.2487 0.2913 
1551 0.2489 0.2926 
1552 0.2514 0.2946 
1553 0.2521 0.2959 
1554 0.2533 0.2964 
1555 0.2547 0.2981 
1556 0.2554 0.3005 
1557 0.2565 0.3009 
1558 0.2581 0.3018 
1559 0.2589 0.3041 
1560 0.2603 0.3054 
1561 0.2608 0.3060 
1562 0.2608 0.3063 
1563 0.2622 0.3080 
1564 0.2632 0.3095 
1565 0.2645 0.3103 
1566 0.2651 0.3118 
1567 0.2660 0.3129 
1568 0.2673 0.3146 
1569 0.2693 0.3157 
1570 0.2699 0.3166 
1571 0.2705 0.3184 
1572 0.2711 0.3194 
1573 0.2719 0.3199 
1574 0.2718 0.3200 
1575 0.2736 0.3212 
1576 0.2745 0.3227 
1577 0.2755 0.3238 
1578 0.2766 0.3246 
1579 0.2768 0.3259 
1580 0.2774 0.3263 
1581 0.2786 0.3275 
1582 0.2796 0.3287 
1583 0.2802 0.3295 
1584 0.2807 0.3314 
1585 0.2813 0.3326 
1586 0.2830 0.3324 
1587 0.2826 0.3338 
1588 0.2836 0.3346 
1589 0.2837 0.3358 
1590 0.2849 0.3363 
1591 0.2854 0.3377 
1592 0.2868 0.3378 
1593 0.2877 0.3391 
1594 0.2883 0.3393 
1595 0.2885 0.3412 
1596 0.2896 0.3416 
1597 0.2903 0.3432 
1598 0.2902 0.3440 
1599 0.2908 0.3444 
1600 0.2916 0.3452 
1601 0.2930 0.3460 
1602 0.2934 0.3477 
1603 0.2932 0.3474 
1604 0.2936 0.3478 
1605 0.2948 0.3484 
1606 0.2959 0.3486 
1607 0.2959 0.3502 
1608 0.2976 0.3507 
1609 0.2971 0.3516 
1610 0.2972 0.3528 
1611 0.2971 0.3534 
1612 0.2983 0.3539 
1613 0.2986 0.3549 
1614 0.2995 0.3557 
1615 0.2998 0.3563 
1616 0.3005 0.3566 
1617 0.3008 0.3575 
1618 0.3022 0.3579 
1619 0.3024 0.3589 
1620 0.3024 0.3594 
1621 0.3026 0.3599 
1622 0.3032 0.3604 
1623 0.3029 0.3611 
1624 0.3038 0.3618 
1625 0.3051 0.3616 
1626 0.3050 0.3620 
1627 0.3054 0.3629 
1628 0.3052 0.3641 
1629 0.3054 0.3649 
1630 0.3069 0.3647 
1631 0.3064 0.3654 
1632 0.3069 0.3650 
1633 0.3066 0.3664 
1634 0.3084 0.3664 
1635 0.3088 0.3667 
1636 0.3088 0.3673 
1637 0.3083 0.3685 
1638 0.3094 0.3687 
1639 0.3101 0.3694 
1640 0.3093 0.3701 
1641 0.3099 0.3702 
1642 0.3101 0.3699 
1643 0.3110 0.3712 
1644 0.3108 0.3704 
1645 0.3117 0.3710 
1646 0.3116 0.3713 
1647 0.3121 0.3726 
1648 0.3120 0.3726 
1649 0.3127 0.3725 
1650 0.3115 0.3728 
1651 0.3126 0.3744 
1652 0.3127 0.3736 
1653 0.3129 0.3736 
1654 0.3134 0.3733 
1655 0.3139 0.3742 
1656 0.3130 0.3744 
1657 0.3142 0.3748 
1658 0.3142 0.3746 
1659 0.3138 0.3746 
1660 0.3148 0.3744 
1661 0.3141 0.3743 
1662 0.3132 0.3755 
1663 0.3142 0.3748 
1664 0.3137 0.3747 
1665 0.3143 0.3746 
1666 0.3136 0.3739 
1667 0.3143 0.3740 
1668 0.3134 0.3728 
1669 0.3128 0.3732 
1670 0.3132 0.3740 
1671 0.3150 0.3765 
1672 0.3134 0.3756 
1673 0.3143 0.3768 
1674 0.3141 0.3764 
1675 0.3139 0.3765 
1676 0.3141 0.3765 
1677 0.3143 0.3765 
1678 0.3135 0.3772 
1679 0.3132 0.3763 
1680 0.3133 0.3761 
1681 0.3131 0.3767 
1682 0.3127 0.3764 
1683 0.3125 0.3760 
1684 0.3121 0.3754 
1685 0.3124 0.3761 
1686 0.3119 0.3770 
1687 0.3116 0.3760 
1688 0.3119 0.3753 
1689 0.3111 0.3747 
1690 0.3106 0.3748 
1691 0.3101 0.3742 
1692 0.3107 0.3745 
1693 0.3107 0.3751 
1694 0.3105 0.3740 
1695 0.3107 0.3741 
1696 0.3106 0.3742 
1697 0.3103 0.3736 
1698 0.3101 0.3734 
1699 0.3094 0.3736 
1700 0.3086 0.3735 
1701 0.3089 0.3717 
1702 0.3090 0.3719 
1703 0.3073 0.3718 
1704 0.3074 0.3717 
1705 0.3080 0.3723 
1706 0.3071 0.3714 
1707 0.3062 0.3712 
1708 0.3066 0.3712 
1709 0.3059 0.3705 
1710 0.3054 0.3700 
1711 0.3055 0.3695 
1712 0.3051 0.3700 
1713 0.3049 0.3689 
1714 0.3044 0.3688 
1715 0.3041 0.3692 
1716 0.3035 0.3690 
1717 0.3033 0.3688 
1718 0.3029 0.3680 
1719 0.3032 0.3674 
1720 0.3030 0.3670 
1721 0.3029 0.3665 
1722 0.3020 0.3666 
1723 0.3015 0.3667 
1724 0.3003 0.3661 
1725 0.3009 0.3660 
1726 0.3001 0.3645 
1727 0.2998 0.3641 
1728 0.2983 0.3636 
1729 0.2987 0.3630 
1730 0.2987 0.3634 
1731 0.2979 0.3629 
1732 0.2972 0.3621 
1733 0.2972 0.3618 
1734 0.2957 0.3610 
1735 0.2955 0.3605 
1736 0.2954 0.3602 
1737 0.2953 0.3596 
1738 0.2944 0.3586 
1739 0.2938 0.3582 
1740 0.2929 0.3577 
1741 0.2927 0.3573 
1742 0.2923 0.3564 
1743 0.2913 0.3559 
1744 0.2907 0.3545 
1745 0.2908 0.3547 
1746 0.2885 0.3535 
1747 0.2883 0.3525 
1748 0.2882 0.3509 
1749 0.2866 0.3501 
1750 0.2856 0.3498 
1751 0.2851 0.3491 
1752 0.2853 0.3484 
1753 0.2848 0.3479 
1754 0.2836 0.3471 
1755 0.2828 0.3463 
1756 0.2817 0.3454 
1757 0.2807 0.3445 
1758 0.2796 0.3436 
1759 0.2796 0.3433 
1760 0.2789 0.3430 
1761 0.2784 0.3415 
1762 0.2778 0.3404 
1763 0.2781 0.3401 
1764 0.2765 0.3396 
1765 0.2758 0.3381 
1766 0.2754 0.3381 
1767 0.2749 0.3378 
1768 0.2748 0.3366 
1769 0.2737 0.3370 
1770 0.2728 0.3363 
1771 0.2731 0.3356 
1772 0.2725 0.3357 
1773 0.2715 0.3356 
1774 0.2716 0.3358 
1775 0.2712 0.3364 
1776 0.2700 0.3354 
1777 0.2700 0.3352 
1778 0.2691 0.3343 
1779 0.2693 0.3348 
1780 0.2693 0.3356 
1781 0.2700 0.3338 
1782 0.2695 0.3329 
1783 0.2679 0.3324 
1784 0.2673 0.3323 
1785 0.2675 0.3321 
1786 0.2663 0.3313 
1787 0.2671 0.3312 
1788 0.2660 0.3307 
1789 0.2674 0.3314 
1790 0.2675 0.3310 
1791 0.2675 0.3314 
1792 0.2671 0.3309 
1793 0.2673 0.3309 
1794 0.2673 0.3307 
1795 0.2676 0.3314 
1796 0.2678 0.3314 
1797 0.2671 0.3311 
1798 0.2676 0.3312 
1799 0.2678 0.3325 
1800 0.2674 0.3317 
1801 0.2678 0.3316 
1802 0.2682 0.3319 
1803 0.2681 0.3329 
1804 0.2683 0.3323 
1805 0.2676 0.3327 
1806 0.2684 0.3322 
1807 0.2680 0.3336 
1808 0.2673 0.3326 
1809 0.2672 0.3327 
1810 0.2675 0.3333 
1811 0.2678 0.3336 
1812 0.2672 0.3328 
1813 0.2677 0.3329 
1814 0.2688 0.3333 
1815 0.2682 0.3334 
1816 0.2681 0.3342 
1817 0.2684 0.3345 
1818 0.2678 0.3345 
1819 0.2682 0.3341 
1820 0.2677 0.3344 
1821 0.2682 0.3339 
1822 0.2673 0.3347 
1823 0.2678 0.3337 
1824 0.2683 0.3339 
1825 0.2673 0.3342 
1826 0.2671 0.3342 
1827 0.2671 0.3331 
1828 0.2670 0.3331 
1829 0.2668 0.3335 
1830 0.2660 0.3330 
1831 0.2663 0.3326 
1832 0.2656 0.3317 
1833 0.2652 0.3316 
1834 0.2658 0.3316 
1835 0.2640 0.3309 
1836 0.2641 0.3293 
1837 0.2622 0.3297 
1838 0.2627 0.3291 
1839 0.2623 0.3294 
1840 0.2610 0.3291 
1841 0.2602 0.3276 
1842 0.2592 0.3259 
1843 0.2593 0.3247 
1844 0.2577 0.3230 
1845 0.2569 0.3222 
1846 0.2552 0.3207 
1847 0.2538 0.3196 
1848 0.2518 0.3182 
1849 0.2500 0.3154 
1850 0.2484 0.3135 
1851 0.2463 0.3107 
1852 0.2452 0.3086 
1853 0.2420 0.3074 
1854 0.2405 0.3046 
1855 0.2390 0.3018 
1856 0.2365 0.2982 
1857 0.2338 0.2945 
1858 0.2309 0.2918 
1859 0.2274 0.2872 
1860 0.2240 0.2833 
1861 0.2214 0.2794 
1862 0.2186 0.2743 
1863 0.2139 0.2707 
1864 0.2093 0.2661 
1865 0.2067 0.2623 
1866 0.2024 0.2566 
1867 0.1976 0.2514 
1868 0.1934 0.2454 
1869 0.1882 0.2405 
1870 0.1833 0.2351 
1871 0.1774 0.2264 
1872 0.1710 0.2201 
1873 0.1649 0.2123 
1874 0.1592 0.2045 
1875 0.1530 0.1971 
1876 0.1472 0.1887 
1877 0.1426 0.1814 
1878 0.1367 0.1726 
1879 0.1311 0.1650 
1880 0.1266 0.1569 
1881 0.1211 0.1503 
1882 0.1163 0.1434 
1883 0.1122 0.1361 
1884 0.1071 0.1294 
1885 0.1025 0.1222 
1886 0.0974 0.1142 
1887 0.0921 0.1069 
1888 0.0888 0.0998 
1889 0.0851 0.0931 
1890 0.0811 0.0863 
1891 0.0782 0.0811 
1892 0.0733 0.0745 
1893 0.0701 0.0693 
1894 0.0679 0.0636 
1895 0.0656 0.0601 
1896 0.0627 0.0563 
1897 0.0609 0.0520 
1898 0.0587 0.0491 
1899 0.0573 0.0458 
1900 0.0546 0.0431 
1901 0.0526 0.0407 
1902 0.0511 0.0381 
1903 0.0511 0.0350 
1904 0.0490 0.0321 
1905 0.0480 0.0312 
1906 0.0473 0.0287 
1907 0.0460 0.0275 
1908 0.0452 0.0262 
1909 0.0438 0.0245 
1910 0.0430 0.0229 
1911 0.0432 0.0230 
1912 0.0425 0.0218 
1913 0.0418 0.0200 
1914 0.0416 0.0208 
1915 0.0416 0.0190 
1916 0.0411 0.0186 
1917 0.0401 0.0182 
1918 0.0409 0.0186 
1919 0.0393 0.0186 
1920 0.0394 0.0185 
1921 0.0394 0.0182 
1922 0.0408 0.0173 
1923 0.0401 0.0180 
1924 0.0402 0.0167 
1925 0.0397 0.0173 
1926 0.0398 0.0178 
1927 0.0386 0.0170 
1928 0.0383 0.0166 
1929 0.0388 0.0161 
1930 0.0390 0.0159 
1931 0.0393 0.0166 
1932 0.0392 0.0162 
1933 0.0384 0.0168 
1934 0.0396 0.0174 
1935 0.0388 0.0174 
1936 0.0393 0.0175 
1937 0.0381 0.0175 
1938 0.0390 0.0172 
1939 0.0401 0.0177 
1940 0.0385 0.0169 
1941 0.0386 0.0167 
1942 0.0395 0.0184 
1943 0.0390 0.0188 
1944 0.0392 0.0188 
1945 0.0397 0.0201 
1946 0.0392 0.0198 
1947 0.0393 0.0203 
1948 0.0396 0.0203 
1949 0.0403 0.0207 
1950 0.0402 0.0211 
1951 0.0408 0.0217 
1952 0.0402 0.0217 
1953 0.0410 0.0217 
1954 0.0406 0.0222 
1955 0.0420 0.0227 
1956 0.0422 0.0242 
1957 0.0419 0.0244 
1958 0.0421 0.0251 
1959 0.0418 0.0246 
1960 0.0426 0.0258 
1961 0.0424 0.0263 
1962 0.0426 0.0276 
1963 0.0434 0.0281 
1964 0.0431 0.0280 
1965 0.0443 0.0280 
1966 0.0453 0.0294 
1967 0.0453 0.0314 
1968 0.0455 0.0315 
1969 0.0451 0.0320 
1970 0.0460 0.0321 
1971 0.0458 0.0327 
1972 0.0462 0.0337 
1973 0.0465 0.0342 
1974 0.0476 0.0344 
1975 0.0472 0.0358 
1976 0.0480 0.0380 
1977 0.0497 0.0390 
1978 0.0482 0.0384 
1979 0.0488 0.0398 
1980 0.0502 0.0404 
1981 0.0486 0.0413 
1982 0.0494 0.0421 
1983 0.0510 0.0429 
1984 0.0518 0.0430 
1985 0.0520 0.0461 
1986 0.0524 0.0467 
1987 0.0527 0.0478 
1988 0.0532 0.0468 
1989 0.0542 0.0490 
1990 0.0544 0.0495 
1991 0.0546 0.0493 
1992 0.0549 0.0509 
1993 0.0569 0.0527 
1994 0.0567 0.0523 
1995 0.0574 0.0535 
1996 0.0582 0.0552 
1997 0.0582 0.0555 
1998 0.0593 0.0572 
1999 0.0588 0.0572 
2000 0.0589 0.0579 
2001 0.0601 0.0597 
2002 0.0610 0.0601 
2003 0.0620 0.0609 
2004 0.0617 0.0629 
2005 0.0624 0.0644 
2006 0.0623 0.0652 
2007 0.0627 0.0656 
2008 0.0637 0.0664 
2009 0.0637 0.0672 
2010 0.0639 0.0690 
2011 0.0653 0.0692 
2012 0.0658 0.0714 
2013 0.0672 0.0713 
2014 0.0673 0.0734 
2015 0.0678 0.0736 
2016 0.0684 0.0740 
2017 0.0690 0.0767 
2018 0.0705 0.0773 
2019 0.0705 0.0779 
2020 0.0710 0.0791 
2021 0.0712 0.0809 
2022 0.0721 0.0814 
2023 0.0731 0.0828 
2024 0.0737 0.0834 
2025 0.0745 0.0847 
2026 0.0743 0.0862 
2027 0.0753 0.0877 
2028 0.0761 0.0875 
2029 0.0763 0.0884 
2030 0.0767 0.0901 
2031 0.0770 0.0908 
2032 0.0778 0.0918 
2033 0.0781 0.0929 
2034 0.0791 0.0943 
2035 0.0799 0.0950 
2036 0.0805 0.0957 
2037 0.0814 0.0967 
2038 0.0810 0.0982 
2039 0.0820 0.0995 
2040 0.0826 0.1004 
2041 0.0835 0.1011 
2042 0.0833 0.1017 
2043 0.0851 0.1037 
2044 0.0845 0.1039 
2045 0.0855 0.1053 
2046 0.0860 0.1064 
2047 0.0862 0.1070 
2048 0.0868 0.1082 
2049 0.0878 0.1096 
2050 0.0895 0.1104 
2051 0.0900 0.1121 
2052 0.0897 0.1134 
2053 0.0897 0.1139 
2054 0.0900 0.1146 
2055 0.0906 0.1163 
2056 0.0921 0.1167 
2057 0.0921 0.1172 
2058 0.0935 0.1190 
2059 0.0951 0.1205 
2060 0.0950 0.1215 
2061 0.0951 0.1222 
2062 0.0964 0.1230 
2063 0.0963 0.1244 
2064 0.0972 0.1245 
2065 0.0976 0.1256 
2066 0.0983 0.1277 
2067 0.0998 0.1290 
2068 0.0999 0.1300 
2069 0.0997 0.1311 
2070 0.1011 0.1325 
2071 0.1017 0.1328 
2072 0.1016 0.1341 
2073 0.1032 0.1350 
2074 0.1037 0.1354 
2075 0.1046 0.1377 
2076 0.1044 0.1391 
2077 0.1051 0.1398 
2078 0.1065 0.1407 
2079 0.1073 0.1413 
2080 0.1079 0.1431 
2081 0.1083 0.1438 
2082 0.1081 0.1451 
2083 0.1092 0.1463 
2084 0.1098 0.1481 
2085 0.1104 0.1491 
2086 0.1118 0.1506 
2087 0.1130 0.1510 
2088 0.1138 0.1511 
2089 0.1135 0.1525 
2090 0.1150 0.1537 
2091 0.1144 0.1543 
2092 0.1160 0.1558 
2093 0.1164 0.1566 
2094 0.1177 0.1578 
2095 0.1174 0.1589 
2096 0.1182 0.1597 
2097 0.1188 0.1608 
2098 0.1200 0.1626 
2099 0.1202 0.1634 
2100 0.1206 0.1632 
2101 0.1215 0.1646 
2102 0.1227 0.1656 
2103 0.1224 0.1675 
2104 0.1233 0.1688 
2105 0.1243 0.1702 
2106 0.1247 0.1705 
2107 0.1255 0.1706 
2108 0.1261 0.1724 
2109 0.1269 0.1734 
2110 0.1269 0.1744 
2111 0.1281 0.1757 
2112 0.1287 0.1767 
2113 0.1292 0.1780 
2114 0.1303 0.1787 
2115 0.1307 0.1795 
2116 0.1312 0.1804 
2117 0.1326 0.1815 
2118 0.1330 0.1820 
2119 0.1327 0.1838 
2120 0.1330 0.1848 
2121 0.1345 0.1856 
2122 0.1355 0.1863 
2123 0.1352 0.1870 
2124 0.1359 0.1881 
2125 0.1367 0.1889 
2126 0.1375 0.1896 
2127 0.1378 0.1905 
2128 0.1378 0.1919 
2129 0.1396 0.1928 
2130 0.1395 0.1933 
2131 0.1398 0.1946 
2132 0.1408 0.1949 
2133 0.1414 0.1958 
2134 0.1417 0.1960 
2135 0.1425 0.1970 
2136 0.1427 0.1974 
2137 0.1432 0.1987 
2138 0.1433 0.1998 
2139 0.1443 0.2001 
2140 0.1452 0.2009 
2141 0.1451 0.2013 
2142 0.1453 0.2015 
2143 0.1459 0.2027 
2144 0.1457 0.2035 
2145 0.1467 0.2036 
2146 0.1468 0.2046 
2147 0.1476 0.2047 
2148 0.1481 0.2061 
2149 0.1487 0.2068 
2150 0.1488 0.2065 
2151 0.1489 0.2075 
2152 0.1483 0.2079 
2153 0.1488 0.2082 
2154 0.1494 0.2083 
2155 0.1509 0.2093 
2156 0.1517 0.2103 
2157 0.1515 0.2098 
2158 0.1509 0.2109 
2159 0.1515 0.2120 
2160 0.1517 0.2123 
2161 0.1515 0.2133 
2162 0.1513 0.2140 
2163 0.1522 0.2135 
2164 0.1523 0.2138 
2165 0.1528 0.2145 
2166 0.1529 0.2149 
2167 0.1529 0.2158 
2168 0.1539 0.2162 
2169 0.1539 0.2160 
2170 0.1547 0.2167 
2171 0.1545 0.2167 
2172 0.1543 0.2177 
2173 0.1548 0.2185 
2174 0.1550 0.2185 
2175 0.1551 0.2185 
2176 0.1551 0.2191 
2177 0.1554 0.2198 
2178 0.1555 0.2197 
2179 0.1550 0.2204 
2180 0.1555 0.2211 
2181 0.1570 0.2210 
2182 0.1586 0.2218 
2183 0.1580 0.2222 
2184 0.1570 0.2225 
2185 0.1572 0.2230 
2186 0.1574 0.2233 
2187 0.1579 0.2240 
2188 0.1582 0.2248 
2189 0.1594 0.2249 
2190 0.1594 0.2250 
2191 0.1585 0.2249 
2192 0.1594 0.2258 
2193 0.1598 0.2268 
2194 0.1599 0.2266 
2195 0.1600 0.2265 
2196 0.1605 0.2272 
2197 0.1606 0.2273 
2198 0.1606 0.2287 
2199 0.1605 0.2281 
2200 0.1602 0.2286 
2201 0.1607 0.2292 
2202 0.1610 0.2289 
2203 0.1612 0.2297 
2204 0.1616 0.2303 
2205 0.1614 0.2306 
2206 0.1623 0.2302 
2207 0.1625 0.2309 
2208 0.1621 0.2306 
2209 0.1624 0.2310 
2210 0.1623 0.2313 
2211 0.1622 0.2311 
2212 0.1620 0.2320 
2213 0.1619 0.2318 
2214 0.1629 0.2327 
2215 0.1632 0.2328 
2216 0.1630 0.2329 
2217 0.1627 0.2323 
2218 0.1631 0.2320 
2219 0.1630 0.2321 
2220 0.1639 0.2320 
2221 0.1631 0.2323 
2222 0.1629 0.2319 
2223 0.1637 0.2324 
2224 0.1633 0.2330 
2225 0.1633 0.2327 
2226 0.1623 0.2326 
2227 0.1625 0.2319 
2228 0.1628 0.2314 
2229 0.1623 0.2321 
2230 0.1634 0.2313 
2231 0.1629 0.2309 
2232 0.1619 0.2307 
2233 0.1629 0.2315 
2234 0.1615 0.2309 
2235 0.1614 0.2298 
2236 0.1604 0.2292 
2237 0.1605 0.2289 
2238 0.1595 0.2287 
2239 0.1589 0.2287 
2240 0.1580 0.2276 
2241 0.1578 0.2272 
2242 0.1572 0.2264 
2243 0.1566 0.2261 
2244 0.1553 0.2253 
2245 0.1546 0.2240 
2246 0.1543 0.2237 
2247 0.1532 0.2237 
2248 0.1528 0.2228 
2249 0.1526 0.2222 
2250 0.1516 0.2205 
2251 0.1510 0.2198 
2252 0.1513 0.2197 
2253 0.1508 0.2188 
2254 0.1500 0.2184 
2255 0.1498 0.2174 
2256 0.1496 0.2166 
2257 0.1497 0.2158 
2258 0.1472 0.2150 
2259 0.1475 0.2143 
2260 0.1467 0.2142 
2261 0.1463 0.2136 
2262 0.1458 0.2132 
2263 0.1453 0.2115 
2264 0.1446 0.2108 
2265 0.1447 0.2100 
2266 0.1440 0.2099 
2267 0.1435 0.2086 
2268 0.1427 0.2082 
2269 0.1424 0.2071 
2270 0.1416 0.2079 
2271 0.1415 0.2065 
2272 0.1404 0.2055 
2273 0.1397 0.2051 
2274 0.1397 0.2050 
2275 0.1398 0.2038 
2276 0.1397 0.2034 
2277 0.1390 0.2031 
2278 0.1375 0.2026 
2279 0.1380 0.2019 
2280 0.1379 0.2007 
2281 0.1368 0.2007 
2282 0.1360 0.1995 
2283 0.1369 0.1992 
2284 0.1352 0.1986 
2285 0.1338 0.1983 
2286 0.1331 0.1982 
2287 0.1320 0.1980 
2288 0.1319 0.1965 
2289 0.1330 0.1954 
2290 0.1320 0.1945 
2291 0.1297 0.1946 
2292 0.1309 0.1940 
2293 0.1305 0.1925 
2294 0.1317 0.1921 
2295 0.1290 0.1920 
2296 0.1290 0.1914 
2297 0.1288 0.1901 
2298 0.1285 0.1882 
2299 0.1265 0.1892 
2300 0.1263 0.1879 
2301 0.1265 0.1873 
2302 0.1256 0.1860 
2303 0.1260 0.1864 
2304 0.1248 0.1854 
2305 0.1232 0.1837 
2306 0.1238 0.1842 
2307 0.1227 0.1830 
2308 0.1215 0.1834 
2309 0.1212 0.1828 
2310 0.1199 0.1814 
2311 0.1184 0.1802 
2312 0.1201 0.1796 
2313 0.1197 0.1795 
2314 0.1191 0.1772 
2315 0.1178 0.1772 
2316 0.1169 0.1752 
2317 0.1170 0.1758 
2318 0.1168 0.1760 
2319 0.1149 0.1750 
2320 0.1145 0.1730 
2321 0.1149 0.1710 
2322 0.1150 0.1718 
2323 0.1133 0.1706 
2324 0.1127 0.1701 
2325 0.1123 0.1691 
2326 0.1119 0.1684 
2327 0.1119 0.1669 
2328 0.1113 0.1660 
2329 0.1098 0.1661 
2330 0.1103 0.1637 
2331 0.1100 0.1632 
2332 0.1086 0.1616 
2333 0.1088 0.1627 
2334 0.1071 0.1609 
2335 0.1070 0.1590 
2336 0.1067 0.1598 
2337 0.1056 0.1583 
2338 0.1044 0.1572 
2339 0.1030 0.1564 
2340 0.1029 0.1548 
2341 0.1028 0.1537 
2342 0.1011 0.1530 
2343 0.1015 0.1526 
2344 0.1022 0.1511 
2345 0.1002 0.1512 
2346 0.0991 0.1505 
2347 0.1003 0.1502 
2348 0.1014 0.1483 
2349 0.1009 0.1478 
2350 0.1005 0.1462 
2351 0.0975 0.1470 
2352 0.0993 0.1465 
2353 0.0972 0.1449 
2354 0.0973 0.1437 
2355 0.0959 0.1423 
2356 0.0954 0.1414 
2357 0.0943 0.1418 
2358 0.0948 0.1409 
2359 0.0954 0.1405 
2360 0.0932 0.1401 
2361 0.0929 0.1400 
2362 0.0916 0.1378 
2363 0.0911 0.1371 
2364 0.0921 0.1348 
2365 0.0917 0.1348 
2366 0.0908 0.1341 
2367 0.0898 0.1325 
2368 0.0898 0.1332 
2369 0.0885 0.1305 
2370 0.0897 0.1315 
2371 0.0885 0.1291 
2372 0.0872 0.1290 
2373 0.0873 0.1281 
2374 0.0868 0.1268 
2375 0.0846 0.1258 
2376 0.0848 0.1255 
2377 0.0866 0.1241 
2378 0.0833 0.1232 
2379 0.0843 0.1228 
2380 0.0831 0.1236 
2381 0.0835 0.1214 
2382 0.0835 0.1212 
2383 0.0817 0.1190 
2384 0.0816 0.1187 
2385 0.0814 0.1178 
2386 0.0804 0.1181 
2387 0.0799 0.1173 
2388 0.0784 0.1154 
2389 0.0775 0.1135 
2390 0.0790 0.1146 
2391 0.0785 0.1115 
2392 0.0765 0.1123 
2393 0.0754 0.1111 
2394 0.0750 0.1101 
2395 0.0752 0.1098 
2396 0.0773 0.1084 
2397 0.0747 0.1077 
2398 0.0727 0.1072 
2399 0.0728 0.1064 
2400 0.0738 0.1063 
2401 0.0740 0.1066 
2402 0.0735 0.1033 
2403 0.0724 0.1036 
2404 0.0724 0.1023 
2405 0.0716 0.0996 
2406 0.0699 0.1004 
2407 0.0704 0.0985 
2408 0.0714 0.0974 
2409 0.0693 0.0995 
2410 0.0689 0.0966 
2411 0.0685 0.0959 
2412 0.0690 0.0965 
2413 0.0658 0.0938 
2414 0.0668 0.0957 
2415 0.0655 0.0948 
2416 0.0654 0.0919 
2417 0.0651 0.0910 
2418 0.0672 0.0897 
2419 0.0650 0.0889 
2420 0.0651 0.0885 
2421 0.0664 0.0879 
2422 0.0655 0.0891 
2423 0.0630 0.0872 
2424 0.0630 0.0854 
2425 0.0623 0.0832 
2426 0.0620 0.0819 
2427 0.0610 0.0821 
2428 0.0598 0.0806 
2429 0.0587 0.0777 
2430 0.0581 0.0789 
2431 0.0583 0.0774 
2432 0.0601 0.0803 
2433 0.0600 0.0789 
2434 0.0568 0.0764 
2435 0.0576 0.0748 
2436 0.0603 0.0741 
2437 0.0570 0.0739 
2438 0.0582 0.0730 
2439 0.0568 0.0724 
2440 0.0563 0.0706 
2441 0.0580 0.0685 
2442 0.0583 0.0699 
2443 0.0557 0.0676 
2444 0.0538 0.0649 
2445 0.0522 0.0667 
2446 0.0529 0.0669 
2447 0.0542 0.0656 
2448 0.0509 0.0646 
2449 0.0546 0.0629 
2450 0.0539 0.0624 
2451 0.0526 0.0638 
2452 0.0533 0.0604 
2453 0.0515 0.0563 
2454 0.0490 0.0610 
2455 0.0493 0.0602 
2456 0.0491 0.0585 
2457 0.0485 0.0582 
2458 0.0492 0.0576 
2459 0.0480 0.0575 
2460 0.0482 0.0541 
2461 0.0492 0.0536 
2462 0.0486 0.0541 
2463 0.0502 0.0529 
2464 0.0482 0.0548 
2465 0.0458 0.0537 
2466 0.0429 0.0512 
2467 0.0429 0.0521 
2468 0.0437 0.0489 
2469 0.0435 0.0513 
2470 0.0439 0.0514 
2471 0.0437 0.0490 
2472 0.0442 0.0485 
2473 0.0445 0.0474 
2474 0.0453 0.0436 
2475 0.0423 0.0442 
2476 0.0441 0.0433 
2477 0.0429 0.0467 
2478 0.0407 0.0457 
2479 0.0457 0.0438 
2480 0.0433 0.0413 
2481 0.0429 0.0409 
2482 0.0399 0.0434 
2483 0.0416 0.0439 
2484 0.0463 0.0426 
2485 0.0418 0.0426 
2486 0.0417 0.0422 
2487 0.0405 0.0409 
2488 0.0422 0.0416 
2489 0.0372 0.0368 
2490 0.0382 0.0414 
2491 0.0407 0.0384 
2492 0.0403 0.0401 
2493 0.0418 0.0370 
2494 0.0404 0.0377 
2495 0.0427 0.0395 
2496 0.0406 0.0390 
2497 0.0422 0.0363 
2498 0.0390 0.0369 
2499 0.0393 0.0354 
2500 0.0395 0.0353 
