 400 0.0415 0.0003
 401 0.0416 0.0003
 402 0.0417 0.0004
 403 0.0418 0.0004
 404 0.0419 0.0004
 405 0.0421 0.0005
 406 0.0422 0.0005
 407 0.0424 0.0005
 408 0.0426 0.0005
 409 0.0428 0.0006
 410 0.0429 0.0006
 411 0.0431 0.0006
 412 0.0433 0.0007
 413 0.0435 0.0007
 414 0.0437 0.0007
 415 0.0439 0.0008
 416 0.0441 0.0008
 417 0.0444 0.0008
 418 0.0446 0.0009
 419 0.0448 0.0009
 420 0.0450 0.0010
 421 0.0452 0.0010
 422 0.0454 0.0010
 423 0.0456 0.0010
 424 0.0458 0.0011
 425 0.0461 0.0011
 426 0.0463 0.0011
 427 0.0464 0.0011
 428 0.0465 0.0011
 429 0.0467 0.0012
 430 0.0468 0.0012
 431 0.0469 0.0012
 432 0.0470 0.0012
 433 0.0471 0.0012
 434 0.0472 0.0012
 435 0.0473 0.0012
 436 0.0474 0.0013
 437 0.0475 0.0013
 438 0.0476 0.0013
 439 0.0477 0.0013
 440 0.0478 0.0013
 441 0.0479 0.0014
 442 0.0480 0.0014
 443 0.0481 0.0015
 444 0.0482 0.0015
 445 0.0484 0.0016
 446 0.0485 0.0017
 447 0.0486 0.0017
 448 0.0487 0.0018
 449 0.0489 0.0019
 450 0.0490 0.0021
 451 0.0492 0.0022
 452 0.0494 0.0023
 453 0.0496 0.0025
 454 0.0498 0.0026
 455 0.0499 0.0028
 456 0.0501 0.0029
 457 0.0503 0.0031
 458 0.0505 0.0032
 459 0.0506 0.0034
 460 0.0508 0.0035
 461 0.0510 0.0037
 462 0.0511 0.0038
 463 0.0512 0.0039
 464 0.0513 0.0040
 465 0.0514 0.0042
 466 0.0516 0.0043
 467 0.0517 0.0044
 468 0.0518 0.0045
 469 0.0519 0.0046
 470 0.0520 0.0047
 471 0.0521 0.0048
 472 0.0522 0.0048
 473 0.0522 0.0049
 474 0.0523 0.0050
 475 0.0523 0.0050
 476 0.0524 0.0051
 477 0.0525 0.0051
 478 0.0525 0.0052
 479 0.0526 0.0053
 480 0.0527 0.0053
 481 0.0528 0.0054
 482 0.0529 0.0056
 483 0.0531 0.0057
 484 0.0533 0.0059
 485 0.0535 0.0061
 486 0.0538 0.0064
 487 0.0541 0.0067
 488 0.0544 0.0070
 489 0.0549 0.0074
 490 0.0553 0.0078
 491 0.0558 0.0083
 492 0.0564 0.0089
 493 0.0571 0.0095
 494 0.0578 0.0102
 495 0.0586 0.0110
 496 0.0594 0.0118
 497 0.0604 0.0127
 498 0.0615 0.0138
 499 0.0627 0.0149
 500 0.0640 0.0161
 501 0.0655 0.0175
 502 0.0670 0.0189
 503 0.0687 0.0205
 504 0.0706 0.0222
 505 0.0725 0.0240
 506 0.0747 0.0259
 507 0.0770 0.0280
 508 0.0794 0.0302
 509 0.0821 0.0326
 510 0.0849 0.0351
 511 0.0879 0.0377
 512 0.0911 0.0405
 513 0.0945 0.0435
 514 0.0981 0.0466
 515 0.1019 0.0498
 516 0.1058 0.0531
 517 0.1100 0.0566
 518 0.1142 0.0601
 519 0.1186 0.0637
 520 0.1231 0.0674
 521 0.1277 0.0712
 522 0.1324 0.0750
 523 0.1371 0.0788
 524 0.1418 0.0826
 525 0.1466 0.0864
 526 0.1513 0.0901
 527 0.1559 0.0938
 528 0.1605 0.0974
 529 0.1650 0.1010
 530 0.1694 0.1045
 531 0.1737 0.1079
 532 0.1779 0.1112
 533 0.1820 0.1145
 534 0.1860 0.1176
 535 0.1898 0.1207
 536 0.1935 0.1236
 537 0.1971 0.1265
 538 0.2006 0.1293
 539 0.2039 0.1320
 540 0.2071 0.1346
 541 0.2103 0.1372
 542 0.2134 0.1397
 543 0.2164 0.1422
 544 0.2193 0.1446
 545 0.2221 0.1470
 546 0.2249 0.1493
 547 0.2276 0.1516
 548 0.2302 0.1538
 549 0.2327 0.1559
 550 0.2349 0.1579
 551 0.2369 0.1597
 552 0.2386 0.1612
 553 0.2401 0.1627
 554 0.2413 0.1638
 555 0.2420 0.1647
 556 0.2424 0.1651
 557 0.2424 0.1654
 558 0.2419 0.1653
 559 0.2411 0.1648
 560 0.2399 0.1642
 561 0.2385 0.1633
 562 0.2369 0.1622
 563 0.2351 0.1610
 564 0.2331 0.1597
 565 0.2310 0.1582
 566 0.2287 0.1565
 567 0.2263 0.1548
 568 0.2237 0.1529
 569 0.2210 0.1510
 570 0.2183 0.1490
 571 0.2155 0.1468
 572 0.2127 0.1448
 573 0.2100 0.1427
 574 0.2074 0.1407
 575 0.2048 0.1388
 576 0.2024 0.1369
 577 0.2001 0.1352
 578 0.1979 0.1336
 579 0.1959 0.1320
 580 0.1939 0.1305
 581 0.1921 0.1291
 582 0.1903 0.1278
 583 0.1887 0.1265
 584 0.1871 0.1253
 585 0.1857 0.1242
 586 0.1843 0.1232
 587 0.1830 0.1222
 588 0.1818 0.1213
 589 0.1808 0.1205
 590 0.1797 0.1197
 591 0.1789 0.1190
 592 0.1780 0.1183
 593 0.1772 0.1178
 594 0.1765 0.1173
 595 0.1760 0.1169
 596 0.1754 0.1164
 597 0.1748 0.1161
 598 0.1743 0.1157
 599 0.1736 0.1152
 600 0.1730 0.1148
 601 0.1723 0.1142
 602 0.1716 0.1137
 603 0.1707 0.1130
 604 0.1696 0.1122
 605 0.1686 0.1113
 606 0.1673 0.1103
 607 0.1659 0.1091
 608 0.1645 0.1079
 609 0.1629 0.1066
 610 0.1613 0.1053
 611 0.1597 0.1040
 612 0.1581 0.1026
 613 0.1564 0.1011
 614 0.1547 0.0997
 615 0.1530 0.0983
 616 0.1515 0.0970
 617 0.1500 0.0957
 618 0.1486 0.0945
 619 0.1473 0.0934
 620 0.1462 0.0925
 621 0.1452 0.0916
 622 0.1443 0.0909
 623 0.1436 0.0903
 624 0.1430 0.0898
 625 0.1425 0.0894
 626 0.1420 0.0890
 627 0.1417 0.0888
 628 0.1415 0.0887
 629 0.1412 0.0885
 630 0.1410 0.0884
 631 0.1407 0.0881
 632 0.1403 0.0878
 633 0.1398 0.0873
 634 0.1390 0.0867
 635 0.1381 0.0858
 636 0.1369 0.0848
 637 0.1355 0.0835
 638 0.1339 0.0820
 639 0.1320 0.0802
 640 0.1300 0.0783
 641 0.1279 0.0763
 642 0.1257 0.0742
 643 0.1234 0.0720
 644 0.1211 0.0698
 645 0.1188 0.0677
 646 0.1167 0.0656
 647 0.1147 0.0636
 648 0.1128 0.0618
 649 0.1111 0.0602
 650 0.1096 0.0587
 651 0.1082 0.0574
 652 0.1070 0.0562
 653 0.1058 0.0551
 654 0.1046 0.0539
 655 0.1034 0.0526
 656 0.1019 0.0512
 657 0.1003 0.0496
 658 0.0986 0.0478
 659 0.0967 0.0459
 660 0.0946 0.0439
 661 0.0925 0.0417
 662 0.0904 0.0396
 663 0.0884 0.0375
 664 0.0864 0.0354
 665 0.0846 0.0335
 666 0.0830 0.0318
 667 0.0816 0.0302
 668 0.0805 0.0289
 669 0.0796 0.0277
 670 0.0789 0.0268
 671 0.0784 0.0260
 672 0.0782 0.0254
 673 0.0781 0.0250
 674 0.0782 0.0247
 675 0.0785 0.0244
 676 0.0790 0.0244
 677 0.0796 0.0244
 678 0.0805 0.0246
 679 0.0816 0.0251
 680 0.0830 0.0258
 681 0.0848 0.0269
 682 0.0870 0.0284
 683 0.0897 0.0305
 684 0.0931 0.0333
 685 0.0971 0.0369
 686 0.1020 0.0414
 687 0.1078 0.0469
 688 0.1146 0.0535
 689 0.1224 0.0612
 690 0.1313 0.0700
 691 0.1412 0.0797
 692 0.1519 0.0903
 693 0.1635 0.1016
 694 0.1758 0.1133
 695 0.1887 0.1253
 696 0.2019 0.1374
 697 0.2153 0.1495
 698 0.2288 0.1615
 699 0.2422 0.1731
 700 0.2554 0.1844
 701 0.2684 0.1953
 702 0.2808 0.2056
 703 0.2928 0.2155
 704 0.3043 0.2247
 705 0.3152 0.2335
 706 0.3256 0.2417
 707 0.3356 0.2495
 708 0.3452 0.2569
 709 0.3543 0.2638
 710 0.3631 0.2705
 711 0.3716 0.2769
 712 0.3798 0.2829
 713 0.3877 0.2887
 714 0.3953 0.2943
 715 0.4026 0.2996
 716 0.4097 0.3047
 717 0.4166 0.3096
 718 0.4231 0.3142
 719 0.4295 0.3186
 720 0.4356 0.3228
 721 0.4414 0.3268
 722 0.4470 0.3307
 723 0.4523 0.3343
 724 0.4573 0.3377
 725 0.4622 0.3409
 726 0.4668 0.3440
 727 0.4711 0.3469
 728 0.4752 0.3495
 729 0.4790 0.3520
 730 0.4827 0.3544
 731 0.4861 0.3566
 732 0.4893 0.3587
 733 0.4923 0.3606
 734 0.4951 0.3624
 735 0.4977 0.3640
 736 0.5001 0.3656
 737 0.5023 0.3670
 738 0.5043 0.3683
 739 0.5062 0.3696
 740 0.5080 0.3707
 741 0.5096 0.3718
 742 0.5111 0.3728
 743 0.5124 0.3737
 744 0.5136 0.3745
 745 0.5147 0.3753
 746 0.5157 0.3760
 747 0.5166 0.3767
 748 0.5174 0.3773
 749 0.5181 0.3779
 750 0.5187 0.3785
 751 0.5194 0.3789
 752 0.5199 0.3794
 753 0.5205 0.3799
 754 0.5210 0.3804
 755 0.5214 0.3808
 756 0.5219 0.3812
 757 0.5223 0.3817
 758 0.5227 0.3821
 759 0.5230 0.3824
 760 0.5233 0.3828
 761 0.5236 0.3831
 762 0.5239 0.3834
 763 0.5242 0.3837
 764 0.5244 0.3840
 765 0.5246 0.3843
 766 0.5247 0.3846
 767 0.5249 0.3848
 768 0.5250 0.3851
 769 0.5251 0.3853
 770 0.5252 0.3855
 771 0.5253 0.3857
 772 0.5253 0.3859
 773 0.5254 0.3861
 774 0.5254 0.3863
 775 0.5254 0.3864
 776 0.5254 0.3866
 777 0.5254 0.3867
 778 0.5254 0.3868
 779 0.5253 0.3869
 780 0.5253 0.3870
 781 0.5252 0.3871
 782 0.5252 0.3871
 783 0.5251 0.3872
 784 0.5251 0.3873
 785 0.5250 0.3874
 786 0.5250 0.3874
 787 0.5249 0.3875
 788 0.5249 0.3876
 789 0.5248 0.3877
 790 0.5248 0.3878
 791 0.5247 0.3878
 792 0.5247 0.3879
 793 0.5247 0.3880
 794 0.5246 0.3881
 795 0.5246 0.3882
 796 0.5245 0.3882
 797 0.5245 0.3883
 798 0.5244 0.3884
 799 0.5244 0.3885
 800 0.5244 0.3885
 801 0.5243 0.3886
 802 0.5243 0.3887
 803 0.5242 0.3888
 804 0.5242 0.3888
 805 0.5241 0.3889
 806 0.5241 0.3890
 807 0.5240 0.3890
 808 0.5240 0.3891
 809 0.5240 0.3891
 810 0.5239 0.3892
 811 0.5239 0.3893
 812 0.5238 0.3893
 813 0.5238 0.3894
 814 0.5237 0.3894
 815 0.5237 0.3895
 816 0.5236 0.3895
 817 0.5236 0.3896
 818 0.5235 0.3896
 819 0.5235 0.3897
 820 0.5235 0.3897
 821 0.5234 0.3898
 822 0.5233 0.3898
 823 0.5233 0.3899
 824 0.5232 0.3900
 825 0.5231 0.3900
 826 0.5231 0.3900
 827 0.5230 0.3901
 828 0.5229 0.3901
 829 0.5228 0.3901
 830 0.5227 0.3902
 831 0.5227 0.3902
 832 0.5226 0.3902
 833 0.5225 0.3902
 834 0.5225 0.3902
 835 0.5224 0.3902
 836 0.5224 0.3903
 837 0.5223 0.3903
 838 0.5223 0.3904
 839 0.5222 0.3904
 840 0.5221 0.3905
 841 0.5221 0.3905
 842 0.5220 0.3906
 843 0.5220 0.3906
 844 0.5220 0.3907
 845 0.5219 0.3907
 846 0.5219 0.3908
 847 0.5218 0.3908
 848 0.5218 0.3909
 849 0.5217 0.3909
 850 0.5217 0.3910
 851 0.5216 0.3910
 852 0.5216 0.3911
 853 0.5216 0.3911
 854 0.5215 0.3912
 855 0.5215 0.3912
 856 0.5214 0.3912
 857 0.5214 0.3912
 858 0.5213 0.3913
 859 0.5213 0.3913
 860 0.5212 0.3914
 861 0.5212 0.3915
 862 0.5211 0.3915
 863 0.5211 0.3916
 864 0.5210 0.3916
 865 0.5210 0.3916
 866 0.5210 0.3916
 867 0.5210 0.3917
 868 0.5209 0.3917
 869 0.5209 0.3917
 870 0.5208 0.3918
 871 0.5208 0.3918
 872 0.5207 0.3919
 873 0.5206 0.3920
 874 0.5206 0.3920
 875 0.5205 0.3920
 876 0.5205 0.3921
 877 0.5204 0.3921
 878 0.5204 0.3922
 879 0.5203 0.3922
 880 0.5203 0.3922
 881 0.5202 0.3923
 882 0.5201 0.3923
 883 0.5201 0.3923
 884 0.5200 0.3924
 885 0.5200 0.3925
 886 0.5199 0.3925
 887 0.5198 0.3926
 888 0.5198 0.3926
 889 0.5197 0.3926
 890 0.5197 0.3927
 891 0.5196 0.3927
 892 0.5196 0.3927
 893 0.5195 0.3928
 894 0.5195 0.3928
 895 0.5194 0.3929
 896 0.5193 0.3929
 897 0.5193 0.3930
 898 0.5192 0.3930
 899 0.5191 0.3931
 900 0.5191 0.3931
 901 0.5191 0.3931
 902 0.5190 0.3932
 903 0.5189 0.3932
 904 0.5189 0.3933
 905 0.5188 0.3933
 906 0.5188 0.3933
 907 0.5187 0.3934
 908 0.5186 0.3934
 909 0.5186 0.3934
 910 0.5185 0.3935
 911 0.5184 0.3935
 912 0.5184 0.3935
 913 0.5183 0.3935
 914 0.5182 0.3936
 915 0.5182 0.3936
 916 0.5181 0.3936
 917 0.5179 0.3936
 918 0.5178 0.3936
 919 0.5178 0.3936
 920 0.5177 0.3937
 921 0.5176 0.3936
 922 0.5174 0.3936
 923 0.5172 0.3936
 924 0.5171 0.3936
 925 0.5170 0.3936
 926 0.5169 0.3936
 927 0.5168 0.3935
 928 0.5166 0.3935
 929 0.5163 0.3933
 930 0.5161 0.3932
 931 0.5160 0.3932
 932 0.5158 0.3931
 933 0.5156 0.3931
 934 0.5155 0.3931
 935 0.5152 0.3930
 936 0.5149 0.3928
 937 0.5147 0.3926
 938 0.5145 0.3925
 939 0.5143 0.3925
 940 0.5140 0.3924
 941 0.5135 0.3921
 942 0.5132 0.3920
 943 0.5130 0.3919
 944 0.5127 0.3918
 945 0.5124 0.3916
 946 0.5121 0.3913
 947 0.5119 0.3911
 948 0.5117 0.3909
 949 0.5112 0.3906
 950 0.5103 0.3900
 951 0.5098 0.3896
 952 0.5094 0.3894
 953 0.5089 0.3891
 954 0.5083 0.3886
 955 0.5078 0.3883
 956 0.5074 0.3879
 957 0.5070 0.3876
 958 0.5066 0.3874
 959 0.5064 0.3872
 960 0.5060 0.3869
 961 0.5055 0.3867
 962 0.5053 0.3866
 963 0.5052 0.3866
 964 0.5051 0.3865
 965 0.5049 0.3865
 966 0.5048 0.3864
 967 0.5048 0.3864
 968 0.5047 0.3864
 969 0.5046 0.3864
 970 0.5046 0.3863
 971 0.5046 0.3863
 972 0.5045 0.3863
 973 0.5044 0.3864
 974 0.5043 0.3864
 975 0.5042 0.3864
 976 0.5042 0.3865
 977 0.5042 0.3865
 978 0.5041 0.3866
 979 0.5041 0.3867
 980 0.5042 0.3868
 981 0.5042 0.3870
 982 0.5042 0.3871
 983 0.5042 0.3872
 984 0.5042 0.3873
 985 0.5043 0.3874
 986 0.5044 0.3874
 987 0.5045 0.3875
 988 0.5047 0.3875
 989 0.5048 0.3876
 990 0.5048 0.3878
 991 0.5049 0.3879
 992 0.5050 0.3881
 993 0.5051 0.3883
 994 0.5051 0.3884
 995 0.5052 0.3886
 996 0.5053 0.3888
 997 0.5054 0.3890
 998 0.5055 0.3892
 999 0.5056 0.3894
1000 0.5057 0.3896
1001 0.5058 0.3898
1002 0.5059 0.3900
1003 0.5060 0.3902
1004 0.5061 0.3903
1005 0.5062 0.3905
1006 0.5063 0.3906
1007 0.5065 0.3908
1008 0.5066 0.3910
1009 0.5068 0.3912
1010 0.5069 0.3914
1011 0.5070 0.3916
1012 0.5072 0.3918
1013 0.5073 0.3920
1014 0.5074 0.3921
1015 0.5075 0.3923
1016 0.5077 0.3924
1017 0.5077 0.3926
1018 0.5078 0.3929
1019 0.5080 0.3931
1020 0.5081 0.3933
1021 0.5082 0.3935
1022 0.5083 0.3938
1023 0.5085 0.3940
1024 0.5086 0.3941
1025 0.5087 0.3943
1026 0.5088 0.3945
1027 0.5090 0.3947
1028 0.5091 0.3949
1029 0.5092 0.3951
1030 0.5094 0.3952
1031 0.5095 0.3953
1032 0.5095 0.3954
1033 0.5096 0.3955
1034 0.5097 0.3956
1035 0.5099 0.3958
1036 0.5100 0.3959
1037 0.5101 0.3960
1038 0.5102 0.3962
1039 0.5103 0.3963
1040 0.5104 0.3965
1041 0.5104 0.3967
1042 0.5105 0.3968
1043 0.5105 0.3970
1044 0.5106 0.3971
1045 0.5106 0.3972
1046 0.5107 0.3973
1047 0.5108 0.3974
1048 0.5108 0.3976
1049 0.5109 0.3977
1050 0.5109 0.3978
1051 0.5110 0.3979
1052 0.5110 0.3980
1053 0.5110 0.3982
1054 0.5111 0.3983
1055 0.5111 0.3983
1056 0.5111 0.3983
1057 0.5111 0.3984
1058 0.5111 0.3985
1059 0.5112 0.3986
1060 0.5112 0.3986
1061 0.5112 0.3987
1062 0.5112 0.3988
1063 0.5112 0.3989
1064 0.5111 0.3989
1065 0.5112 0.3990
1066 0.5112 0.3989
1067 0.5112 0.3990
1068 0.5112 0.3990
1069 0.5112 0.3991
1070 0.5111 0.3991
1071 0.5111 0.3992
1072 0.5111 0.3992
1073 0.5111 0.3993
1074 0.5110 0.3993
1075 0.5109 0.3994
1076 0.5109 0.3994
1077 0.5108 0.3994
1078 0.5107 0.3995
1079 0.5107 0.3996
1080 0.5107 0.3996
1081 0.5106 0.3996
1082 0.5105 0.3996
1083 0.5104 0.3996
1084 0.5104 0.3995
1085 0.5103 0.3995
1086 0.5102 0.3995
1087 0.5101 0.3996
1088 0.5100 0.3996
1089 0.5099 0.3996
1090 0.5098 0.3996
1091 0.5097 0.3996
1092 0.5096 0.3996
1093 0.5095 0.3996
1094 0.5095 0.3995
1095 0.5094 0.3995
1096 0.5092 0.3994
1097 0.5090 0.3994
1098 0.5088 0.3994
1099 0.5087 0.3994
1100 0.5087 0.3994
1101 0.5086 0.3994
1102 0.5084 0.3993
1103 0.5083 0.3993
1104 0.5082 0.3992
1105 0.5081 0.3992
1106 0.5080 0.3992
1107 0.5078 0.3992
1108 0.5076 0.3991
1109 0.5075 0.3991
1110 0.5075 0.3990
1111 0.5074 0.3989
1112 0.5073 0.3988
1113 0.5072 0.3987
1114 0.5071 0.3987
1115 0.5071 0.3987
1116 0.5071 0.3987
1117 0.5069 0.3987
1118 0.5067 0.3986
1119 0.5065 0.3986
1120 0.5064 0.3986
1121 0.5062 0.3985
1122 0.5060 0.3984
1123 0.5057 0.3983
1124 0.5055 0.3983
1125 0.5054 0.3982
1126 0.5052 0.3980
1127 0.5048 0.3977
1128 0.5043 0.3974
1129 0.5040 0.3972
1130 0.5037 0.3969
1131 0.5032 0.3966
1132 0.5025 0.3961
1133 0.5018 0.3955
1134 0.5011 0.3949
1135 0.5005 0.3944
1136 0.4999 0.3939
1137 0.4993 0.3934
1138 0.4985 0.3928
1139 0.4975 0.3919
1140 0.4962 0.3908
1141 0.4949 0.3898
1142 0.4939 0.3890
1143 0.4931 0.3883
1144 0.4921 0.3875
1145 0.4907 0.3863
1146 0.4892 0.3852
1147 0.4882 0.3844
1148 0.4874 0.3838
1149 0.4867 0.3833
1150 0.4860 0.3827
1151 0.4852 0.3821
1152 0.4843 0.3814
1153 0.4834 0.3807
1154 0.4827 0.3802
1155 0.4822 0.3798
1156 0.4818 0.3796
1157 0.4816 0.3794
1158 0.4813 0.3792
1159 0.4811 0.3790
1160 0.4808 0.3788
1161 0.4805 0.3786
1162 0.4803 0.3784
1163 0.4802 0.3783
1164 0.4801 0.3783
1165 0.4800 0.3783
1166 0.4799 0.3784
1167 0.4798 0.3783
1168 0.4797 0.3783
1169 0.4797 0.3783
1170 0.4797 0.3783
1171 0.4795 0.3783
1172 0.4792 0.3781
1173 0.4789 0.3780
1174 0.4788 0.3780
1175 0.4788 0.3781
1176 0.4789 0.3782
1177 0.4789 0.3782
1178 0.4788 0.3781
1179 0.4787 0.3780
1180 0.4786 0.3780
1181 0.4785 0.3780
1182 0.4784 0.3781
1183 0.4782 0.3781
1184 0.4781 0.3780
1185 0.4780 0.3779
1186 0.4780 0.3777
1187 0.4781 0.3776
1188 0.4781 0.3775
1189 0.4780 0.3774
1190 0.4779 0.3775
1191 0.4777 0.3775
1192 0.4776 0.3777
1193 0.4774 0.3778
1194 0.4773 0.3778
1195 0.4771 0.3779
1196 0.4771 0.3778
1197 0.4771 0.3778
1198 0.4771 0.3778
1199 0.4772 0.3779
1200 0.4773 0.3781
1201 0.4774 0.3783
1202 0.4773 0.3784
1203 0.4772 0.3783
1204 0.4771 0.3784
1205 0.4771 0.3784
1206 0.4772 0.3786
1207 0.4773 0.3787
1208 0.4773 0.3787
1209 0.4772 0.3788
1210 0.4771 0.3788
1211 0.4772 0.3789
1212 0.4773 0.3790
1213 0.4773 0.3791
1214 0.4772 0.3791
1215 0.4771 0.3792
1216 0.4771 0.3793
1217 0.4772 0.3794
1218 0.4773 0.3796
1219 0.4774 0.3798
1220 0.4774 0.3799
1221 0.4772 0.3800
1222 0.4771 0.3800
1223 0.4771 0.3801
1224 0.4771 0.3802
1225 0.4772 0.3803
1226 0.4771 0.3803
1227 0.4770 0.3803
1228 0.4770 0.3802
1229 0.4769 0.3803
1230 0.4769 0.3804
1231 0.4769 0.3805
1232 0.4769 0.3805
1233 0.4769 0.3806
1234 0.4769 0.3806
1235 0.4769 0.3807
1236 0.4769 0.3808
1237 0.4768 0.3809
1238 0.4767 0.3810
1239 0.4765 0.3810
1240 0.4765 0.3810
1241 0.4764 0.3811
1242 0.4763 0.3812
1243 0.4764 0.3813
1244 0.4764 0.3813
1245 0.4764 0.3813
1246 0.4763 0.3814
1247 0.4763 0.3815
1248 0.4762 0.3815
1249 0.4762 0.3815
1250 0.4761 0.3816
1251 0.4762 0.3816
1252 0.4762 0.3816
1253 0.4761 0.3817
1254 0.4760 0.3817
1255 0.4759 0.3817
1256 0.4758 0.3816
1257 0.4756 0.3816
1258 0.4755 0.3816
1259 0.4755 0.3816
1260 0.4755 0.3816
1261 0.4755 0.3817
1262 0.4755 0.3817
1263 0.4754 0.3818
1264 0.4752 0.3818
1265 0.4751 0.3818
1266 0.4750 0.3818
1267 0.4749 0.3818
1268 0.4748 0.3817
1269 0.4748 0.3816
1270 0.4747 0.3815
1271 0.4745 0.3815
1272 0.4743 0.3814
1273 0.4740 0.3813
1274 0.4737 0.3812
1275 0.4735 0.3811
1276 0.4733 0.3811
1277 0.4732 0.3810
1278 0.4731 0.3809
1279 0.4729 0.3808
1280 0.4726 0.3806
1281 0.4724 0.3804
1282 0.4720 0.3803
1283 0.4717 0.3802
1284 0.4714 0.3800
1285 0.4711 0.3798
1286 0.4709 0.3797
1287 0.4707 0.3796
1288 0.4705 0.3795
1289 0.4703 0.3792
1290 0.4701 0.3790
1291 0.4698 0.3788
1292 0.4695 0.3786
1293 0.4692 0.3784
1294 0.4689 0.3781
1295 0.4685 0.3779
1296 0.4680 0.3777
1297 0.4676 0.3775
1298 0.4672 0.3772
1299 0.4669 0.3771
1300 0.4667 0.3769
1301 0.4661 0.3765
1302 0.4659 0.3763
1303 0.4655 0.3761
1304 0.4650 0.3759
1305 0.4646 0.3756
1306 0.4640 0.3750
1307 0.4635 0.3746
1308 0.4630 0.3742
1309 0.4626 0.3737
1310 0.4622 0.3732
1311 0.4618 0.3728
1312 0.4612 0.3723
1313 0.4604 0.3717
1314 0.4598 0.3711
1315 0.4590 0.3706
1316 0.4583 0.3701
1317 0.4577 0.3696
1318 0.4569 0.3689
1319 0.4561 0.3683
1320 0.4551 0.3675
1321 0.4542 0.3668
1322 0.4533 0.3660
1323 0.4525 0.3653
1324 0.4518 0.3646
1325 0.4513 0.3641
1326 0.4505 0.3633
1327 0.4493 0.3623
1328 0.4480 0.3612
1329 0.4468 0.3603
1330 0.4461 0.3596
1331 0.4454 0.3589
1332 0.4446 0.3582
1333 0.4436 0.3573
1334 0.4421 0.3562
1335 0.4406 0.3550
1336 0.4393 0.3539
1337 0.4380 0.3528
1338 0.4370 0.3519
1339 0.4362 0.3511
1340 0.4355 0.3504
1341 0.4347 0.3496
1342 0.4336 0.3486
1343 0.4325 0.3478
1344 0.4311 0.3467
1345 0.4294 0.3455
1346 0.4276 0.3442
1347 0.4261 0.3431
1348 0.4248 0.3421
1349 0.4239 0.3412
1350 0.4226 0.3402
1351 0.4216 0.3394
1352 0.4203 0.3383
1353 0.4192 0.3375
1354 0.4180 0.3365
1355 0.4171 0.3356
1356 0.4159 0.3344
1357 0.4152 0.3333
1358 0.4141 0.3322
1359 0.4137 0.3316
1360 0.4134 0.3312
1361 0.4126 0.3306
1362 0.4115 0.3298
1363 0.4099 0.3289
1364 0.4087 0.3283
1365 0.4075 0.3274
1366 0.4059 0.3262
1367 0.4050 0.3251
1368 0.4034 0.3236
1369 0.4018 0.3218
1370 0.4000 0.3200
1371 0.3975 0.3177
1372 0.3948 0.3153
1373 0.3926 0.3131
1374 0.3895 0.3103
1375 0.3860 0.3072
1376 0.3831 0.3044
1377 0.3795 0.3010
1378 0.3760 0.2975
1379 0.3719 0.2938
1380 0.3691 0.2906
1381 0.3642 0.2864
1382 0.3592 0.2821
1383 0.3533 0.2774
1384 0.3486 0.2731
1385 0.3419 0.2678
1386 0.3353 0.2624
1387 0.3288 0.2570
1388 0.3215 0.2510
1389 0.3163 0.2459
1390 0.3090 0.2399
1391 0.3024 0.2341
1392 0.2957 0.2282
1393 0.2894 0.2225
1394 0.2822 0.2164
1395 0.2773 0.2113
1396 0.2713 0.2058
1397 0.2644 0.2003
1398 0.2584 0.1951
1399 0.2526 0.1902
1400 0.2471 0.1854
1401 0.2418 0.1809
1402 0.2361 0.1763
1403 0.2314 0.1721
1404 0.2271 0.1681
1405 0.2238 0.1646
1406 0.2197 0.1609
1407 0.2159 0.1575
1408 0.2122 0.1544
1409 0.2084 0.1513
1410 0.2050 0.1485
1411 0.2021 0.1460
1412 0.1993 0.1435
1413 0.1968 0.1412
1414 0.1943 0.1391
1415 0.1919 0.1371
1416 0.1897 0.1353
1417 0.1876 0.1337
1418 0.1856 0.1321
1419 0.1838 0.1306
1420 0.1822 0.1293
1421 0.1805 0.1281
1422 0.1790 0.1270
1423 0.1775 0.1259
1424 0.1761 0.1250
1425 0.1744 0.1240
1426 0.1732 0.1232
1427 0.1721 0.1225
1428 0.1711 0.1219
1429 0.1701 0.1213
1430 0.1691 0.1208
1431 0.1683 0.1203
1432 0.1673 0.1198
1433 0.1667 0.1195
1434 0.1658 0.1192
1435 0.1651 0.1190
1436 0.1645 0.1187
1437 0.1638 0.1185
1438 0.1633 0.1184
1439 0.1628 0.1182
1440 0.1624 0.1180
1441 0.1620 0.1179
1442 0.1617 0.1179
1443 0.1614 0.1180
1444 0.1611 0.1182
1445 0.1610 0.1184
1446 0.1607 0.1185
1447 0.1606 0.1186
1448 0.1605 0.1187
1449 0.1605 0.1189
1450 0.1605 0.1190
1451 0.1606 0.1191
1452 0.1606 0.1192
1453 0.1606 0.1194
1454 0.1607 0.1198
1455 0.1608 0.1201
1456 0.1610 0.1205
1457 0.1612 0.1209
1458 0.1615 0.1213
1459 0.1618 0.1218
1460 0.1620 0.1222
1461 0.1626 0.1226
1462 0.1631 0.1231
1463 0.1637 0.1237
1464 0.1645 0.1245
1465 0.1653 0.1253
1466 0.1660 0.1261
1467 0.1671 0.1271
1468 0.1681 0.1280
1469 0.1690 0.1289
1470 0.1702 0.1300
1471 0.1712 0.1311
1472 0.1721 0.1322
1473 0.1736 0.1334
1474 0.1746 0.1345
1475 0.1762 0.1358
1476 0.1775 0.1370
1477 0.1787 0.1381
1478 0.1802 0.1393
1479 0.1814 0.1405
1480 0.1831 0.1419
1481 0.1842 0.1431
1482 0.1856 0.1445
1483 0.1867 0.1459
1484 0.1882 0.1473
1485 0.1895 0.1485
1486 0.1907 0.1497
1487 0.1923 0.1511
1488 0.1937 0.1523
1489 0.1956 0.1537
1490 0.1968 0.1549
1491 0.1987 0.1564
1492 0.2000 0.1578
1493 0.2017 0.1593
1494 0.2030 0.1608
1495 0.2049 0.1624
1496 0.2064 0.1639
1497 0.2082 0.1655
1498 0.2099 0.1670
1499 0.2113 0.1684
1500 0.2132 0.1698
1501 0.2145 0.1711
1502 0.2163 0.1725
1503 0.2179 0.1740
1504 0.2198 0.1756
1505 0.2216 0.1770
1506 0.2230 0.1783
1507 0.2248 0.1798
1508 0.2260 0.1811
1509 0.2278 0.1826
1510 0.2297 0.1840
1511 0.2312 0.1854
1512 0.2331 0.1869
1513 0.2343 0.1883
1514 0.2361 0.1898
1515 0.2380 0.1913
1516 0.2393 0.1925
1517 0.2412 0.1939
1518 0.2430 0.1952
1519 0.2443 0.1964
1520 0.2459 0.1978
1521 0.2477 0.1992
1522 0.2490 0.2005
1523 0.2508 0.2020
1524 0.2526 0.2035
1525 0.2539 0.2048
1526 0.2555 0.2062
1527 0.2571 0.2076
1528 0.2583 0.2089
1529 0.2598 0.2101
1530 0.2612 0.2113
1531 0.2630 0.2126
1532 0.2642 0.2138
1533 0.2658 0.2150
1534 0.2674 0.2163
1535 0.2689 0.2174
1536 0.2701 0.2185
1537 0.2716 0.2197
1538 0.2729 0.2209
1539 0.2745 0.2222
1540 0.2758 0.2234
1541 0.2769 0.2246
1542 0.2783 0.2258
1543 0.2797 0.2271
1544 0.2812 0.2284
1545 0.2823 0.2295
1546 0.2834 0.2305
1547 0.2849 0.2317
1548 0.2862 0.2327
1549 0.2875 0.2339
1550 0.2887 0.2350
1551 0.2897 0.2359
1552 0.2908 0.2368
1553 0.2921 0.2379
1554 0.2931 0.2389
1555 0.2944 0.2399
1556 0.2956 0.2409
1557 0.2967 0.2419
1558 0.2973 0.2427
1559 0.2983 0.2435
1560 0.2992 0.2445
1561 0.3002 0.2453
1562 0.3011 0.2461
1563 0.3021 0.2469
1564 0.3029 0.2477
1565 0.3040 0.2487
1566 0.3048 0.2495
1567 0.3058 0.2504
1568 0.3065 0.2512
1569 0.3074 0.2521
1570 0.3083 0.2529
1571 0.3092 0.2537
1572 0.3101 0.2546
1573 0.3110 0.2554
1574 0.3119 0.2563
1575 0.3125 0.2570
1576 0.3136 0.2579
1577 0.3143 0.2586
1578 0.3150 0.2593
1579 0.3160 0.2600
1580 0.3167 0.2606
1581 0.3176 0.2613
1582 0.3186 0.2620
1583 0.3195 0.2629
1584 0.3201 0.2637
1585 0.3209 0.2645
1586 0.3217 0.2653
1587 0.3225 0.2660
1588 0.3230 0.2665
1589 0.3239 0.2672
1590 0.3246 0.2678
1591 0.3255 0.2685
1592 0.3263 0.2692
1593 0.3273 0.2700
1594 0.3282 0.2709
1595 0.3290 0.2716
1596 0.3295 0.2723
1597 0.3302 0.2729
1598 0.3308 0.2734
1599 0.3316 0.2741
1600 0.3323 0.2748
1601 0.3330 0.2754
1602 0.3335 0.2760
1603 0.3344 0.2767
1604 0.3349 0.2772
1605 0.3357 0.2779
1606 0.3362 0.2784
1607 0.3367 0.2790
1608 0.3371 0.2794
1609 0.3377 0.2800
1610 0.3380 0.2804
1611 0.3386 0.2810
1612 0.3390 0.2816
1613 0.3397 0.2823
1614 0.3401 0.2828
1615 0.3406 0.2833
1616 0.3410 0.2837
1617 0.3415 0.2841
1618 0.3418 0.2845
1619 0.3425 0.2850
1620 0.3427 0.2853
1621 0.3432 0.2858
1622 0.3437 0.2863
1623 0.3442 0.2869
1624 0.3448 0.2875
1625 0.3452 0.2880
1626 0.3455 0.2883
1627 0.3460 0.2887
1628 0.3462 0.2889
1629 0.3467 0.2893
1630 0.3470 0.2896
1631 0.3473 0.2900
1632 0.3472 0.2903
1633 0.3477 0.2908
1634 0.3480 0.2912
1635 0.3484 0.2917
1636 0.3485 0.2920
1637 0.3489 0.2923
1638 0.3491 0.2926
1639 0.3494 0.2930
1640 0.3493 0.2931
1641 0.3499 0.2935
1642 0.3500 0.2938
1643 0.3505 0.2941
1644 0.3507 0.2943
1645 0.3511 0.2946
1646 0.3513 0.2946
1647 0.3517 0.2948
1648 0.3517 0.2948
1649 0.3522 0.2952
1650 0.3522 0.2953
1651 0.3523 0.2954
1652 0.3521 0.2953
1653 0.3524 0.2956
1654 0.3520 0.2955
1655 0.3520 0.2956
1656 0.3518 0.2956
1657 0.3519 0.2958
1658 0.3515 0.2956
1659 0.3513 0.2956
1660 0.3510 0.2956
1661 0.3509 0.2955
1662 0.3505 0.2953
1663 0.3504 0.2953
1664 0.3499 0.2951
1665 0.3499 0.2951
1666 0.3495 0.2949
1667 0.3494 0.2947
1668 0.3490 0.2944
1669 0.3488 0.2943
1670 0.3488 0.2943
1671 0.3499 0.2950
1672 0.3493 0.2949
1673 0.3491 0.2950
1674 0.3487 0.2949
1675 0.3484 0.2948
1676 0.3478 0.2946
1677 0.3476 0.2945
1678 0.3472 0.2942
1679 0.3469 0.2940
1680 0.3463 0.2937
1681 0.3461 0.2935
1682 0.3454 0.2931
1683 0.3450 0.2927
1684 0.3447 0.2925
1685 0.3443 0.2921
1686 0.3438 0.2916
1687 0.3434 0.2913
1688 0.3428 0.2909
1689 0.3425 0.2906
1690 0.3419 0.2903
1691 0.3416 0.2900
1692 0.3413 0.2897
1693 0.3410 0.2894
1694 0.3404 0.2889
1695 0.3400 0.2885
1696 0.3395 0.2881
1697 0.3391 0.2877
1698 0.3386 0.2873
1699 0.3379 0.2868
1700 0.3373 0.2865
1701 0.3367 0.2861
1702 0.3361 0.2857
1703 0.3357 0.2854
1704 0.3351 0.2850
1705 0.3348 0.2847
1706 0.3341 0.2843
1707 0.3337 0.2839
1708 0.3330 0.2834
1709 0.3328 0.2830
1710 0.3322 0.2824
1711 0.3316 0.2820
1712 0.3311 0.2817
1713 0.3307 0.2813
1714 0.3301 0.2809
1715 0.3298 0.2806
1716 0.3293 0.2804
1717 0.3290 0.2800
1718 0.3283 0.2794
1719 0.3279 0.2791
1720 0.3272 0.2786
1721 0.3268 0.2783
1722 0.3263 0.2780
1723 0.3259 0.2777
1724 0.3255 0.2774
1725 0.3251 0.2769
1726 0.3246 0.2764
1727 0.3246 0.2760
1728 0.3242 0.2757
1729 0.3239 0.2754
1730 0.3236 0.2750
1731 0.3235 0.2750
1732 0.3232 0.2749
1733 0.3231 0.2747
1734 0.3227 0.2744
1735 0.3225 0.2741
1736 0.3225 0.2740
1737 0.3221 0.2737
1738 0.3217 0.2734
1739 0.3215 0.2732
1740 0.3210 0.2730
1741 0.3207 0.2727
1742 0.3203 0.2723
1743 0.3201 0.2719
1744 0.3195 0.2713
1745 0.3189 0.2707
1746 0.3184 0.2701
1747 0.3180 0.2695
1748 0.3174 0.2688
1749 0.3168 0.2682
1750 0.3163 0.2676
1751 0.3156 0.2669
1752 0.3148 0.2662
1753 0.3142 0.2656
1754 0.3139 0.2648
1755 0.3133 0.2640
1756 0.3125 0.2633
1757 0.3118 0.2627
1758 0.3112 0.2622
1759 0.3106 0.2618
1760 0.3099 0.2613
1761 0.3093 0.2608
1762 0.3090 0.2603
1763 0.3086 0.2596
1764 0.3081 0.2588
1765 0.3077 0.2581
1766 0.3075 0.2576
1767 0.3072 0.2572
1768 0.3067 0.2570
1769 0.3063 0.2572
1770 0.3058 0.2574
1771 0.3056 0.2579
1772 0.3055 0.2582
1773 0.3050 0.2581
1774 0.3049 0.2580
1775 0.3047 0.2576
1776 0.3046 0.2571
1777 0.3049 0.2567
1778 0.3050 0.2561
1779 0.3049 0.2556
1780 0.3049 0.2553
1781 0.3046 0.2553
1782 0.3043 0.2555
1783 0.3038 0.2559
1784 0.3034 0.2563
1785 0.3028 0.2565
1786 0.3025 0.2566
1787 0.3021 0.2564
1788 0.3022 0.2561
1789 0.3023 0.2556
1790 0.3022 0.2551
1791 0.3025 0.2547
1792 0.3025 0.2545
1793 0.3025 0.2545
1794 0.3024 0.2546
1795 0.3025 0.2548
1796 0.3024 0.2549
1797 0.3025 0.2552
1798 0.3028 0.2555
1799 0.3029 0.2555
1800 0.3030 0.2555
1801 0.3033 0.2557
1802 0.3035 0.2558
1803 0.3038 0.2557
1804 0.3040 0.2557
1805 0.3043 0.2556
1806 0.3044 0.2556
1807 0.3045 0.2556
1808 0.3043 0.2556
1809 0.3042 0.2558
1810 0.3042 0.2560
1811 0.3040 0.2560
1812 0.3039 0.2560
1813 0.3040 0.2560
1814 0.3040 0.2559
1815 0.3043 0.2557
1816 0.3042 0.2553
1817 0.3043 0.2550
1818 0.3044 0.2548
1819 0.3044 0.2546
1820 0.3045 0.2547
1821 0.3044 0.2548
1822 0.3043 0.2549
1823 0.3043 0.2552
1824 0.3040 0.2551
1825 0.3042 0.2554
1826 0.3041 0.2554
1827 0.3039 0.2553
1828 0.3035 0.2551
1829 0.3034 0.2550
1830 0.3031 0.2548
1831 0.3029 0.2546
1832 0.3021 0.2543
1833 0.3017 0.2540
1834 0.3014 0.2537
1835 0.3008 0.2531
1836 0.3005 0.2526
1837 0.3001 0.2521
1838 0.2994 0.2514
1839 0.2988 0.2508
1840 0.2980 0.2502
1841 0.2970 0.2496
1842 0.2959 0.2491
1843 0.2947 0.2484
1844 0.2935 0.2477
1845 0.2923 0.2468
1846 0.2911 0.2457
1847 0.2900 0.2446
1848 0.2883 0.2430
1849 0.2867 0.2415
1850 0.2848 0.2399
1851 0.2833 0.2382
1852 0.2805 0.2359
1853 0.2785 0.2338
1854 0.2764 0.2315
1855 0.2744 0.2289
1856 0.2721 0.2260
1857 0.2694 0.2229
1858 0.2663 0.2197
1859 0.2635 0.2167
1860 0.2599 0.2134
1861 0.2568 0.2102
1862 0.2510 0.2059
1863 0.2468 0.2019
1864 0.2424 0.1976
1865 0.2384 0.1933
1866 0.2334 0.1885
1867 0.2291 0.1837
1868 0.2238 0.1785
1869 0.2196 0.1737
1870 0.2113 0.1677
1871 0.2056 0.1622
1872 0.1998 0.1566
1873 0.1934 0.1507
1874 0.1874 0.1448
1875 0.1805 0.1386
1876 0.1745 0.1326
1877 0.1642 0.1255
1878 0.1570 0.1192
1879 0.1505 0.1130
1880 0.1439 0.1069
1881 0.1365 0.1005
1882 0.1304 0.0945
1883 0.1202 0.0876
1884 0.1137 0.0817
1885 0.1077 0.0762
1886 0.1020 0.0708
1887 0.0961 0.0656
1888 0.0886 0.0600
1889 0.0834 0.0553
1890 0.0790 0.0511
1891 0.0750 0.0471
1892 0.0710 0.0433
1893 0.0660 0.0394
1894 0.0628 0.0362
1895 0.0602 0.0334
1896 0.0579 0.0308
1897 0.0561 0.0286
1898 0.0528 0.0260
1899 0.0514 0.0243
1900 0.0501 0.0227
1901 0.0486 0.0213
1902 0.0467 0.0199
1903 0.0456 0.0188
1904 0.0447 0.0179
1905 0.0439 0.0171
1906 0.0427 0.0162
1907 0.0421 0.0156
1908 0.0414 0.0150
1909 0.0409 0.0145
1910 0.0402 0.0140
1911 0.0398 0.0136
1912 0.0394 0.0132
1913 0.0391 0.0128
1914 0.0386 0.0125
1915 0.0385 0.0122
1916 0.0382 0.0120
1917 0.0380 0.0118
1918 0.0376 0.0115
1919 0.0373 0.0114
1920 0.0371 0.0113
1921 0.0368 0.0112
1922 0.0366 0.0111
1923 0.0364 0.0111
1924 0.0362 0.0110
1925 0.0361 0.0110
1926 0.0359 0.0110
1927 0.0358 0.0110
1928 0.0357 0.0111
1929 0.0357 0.0111
1930 0.0356 0.0112
1931 0.0356 0.0113
1932 0.0356 0.0113
1933 0.0355 0.0114
1934 0.0356 0.0116
1935 0.0356 0.0117
1936 0.0356 0.0119
1937 0.0357 0.0121
1938 0.0358 0.0122
1939 0.0359 0.0124
1940 0.0360 0.0127
1941 0.0361 0.0129
1942 0.0363 0.0131
1943 0.0365 0.0134
1944 0.0366 0.0137
1945 0.0368 0.0139
1946 0.0370 0.0143
1947 0.0373 0.0146
1948 0.0374 0.0148
1949 0.0377 0.0153
1950 0.0379 0.0156
1951 0.0383 0.0160
1952 0.0385 0.0163
1953 0.0388 0.0167
1954 0.0392 0.0172
1955 0.0395 0.0176
1956 0.0397 0.0179
1957 0.0402 0.0185
1958 0.0405 0.0189
1959 0.0409 0.0194
1960 0.0413 0.0199
1961 0.0416 0.0202
1962 0.0422 0.0209
1963 0.0425 0.0213
1964 0.0430 0.0219
1965 0.0434 0.0224
1966 0.0438 0.0229
1967 0.0444 0.0236
1968 0.0448 0.0241
1969 0.0454 0.0248
1970 0.0458 0.0253
1971 0.0466 0.0261
1972 0.0470 0.0266
1973 0.0474 0.0271
1974 0.0481 0.0279
1975 0.0486 0.0285
1976 0.0493 0.0293
1977 0.0498 0.0298
1978 0.0506 0.0307
1979 0.0511 0.0313
1980 0.0518 0.0322
1981 0.0524 0.0328
1982 0.0529 0.0334
1983 0.0538 0.0343
1984 0.0543 0.0350
1985 0.0552 0.0359
1986 0.0557 0.0365
1987 0.0565 0.0374
1988 0.0571 0.0381
1989 0.0580 0.0390
1990 0.0586 0.0397
1991 0.0594 0.0406
1992 0.0600 0.0413
1993 0.0609 0.0422
1994 0.0615 0.0429
1995 0.0624 0.0439
1996 0.0630 0.0446
1997 0.0640 0.0455
1998 0.0646 0.0462
1999 0.0656 0.0472
2000 0.0662 0.0479
2001 0.0668 0.0486
2002 0.0677 0.0496
2003 0.0688 0.0506
2004 0.0694 0.0513
2005 0.0704 0.0523
2006 0.0710 0.0530
2007 0.0719 0.0540
2008 0.0726 0.0547
2009 0.0735 0.0557
2010 0.0741 0.0563
2011 0.0751 0.0574
2012 0.0757 0.0580
2013 0.0767 0.0591
2014 0.0773 0.0597
2015 0.0783 0.0608
2016 0.0789 0.0614
2017 0.0798 0.0624
2018 0.0803 0.0630
2019 0.0812 0.0639
2020 0.0818 0.0646
2021 0.0827 0.0655
2022 0.0836 0.0665
2023 0.0841 0.0670
2024 0.0850 0.0680
2025 0.0856 0.0686
2026 0.0864 0.0695
2027 0.0869 0.0700
2028 0.0877 0.0709
2029 0.0886 0.0718
2030 0.0891 0.0724
2031 0.0898 0.0732
2032 0.0904 0.0738
2033 0.0911 0.0746
2034 0.0916 0.0752
2035 0.0924 0.0760
2036 0.0932 0.0769
2037 0.0936 0.0773
2038 0.0944 0.0782
2039 0.0948 0.0787
2040 0.0956 0.0795
2041 0.0963 0.0803
2042 0.0967 0.0807
2043 0.0975 0.0815
2044 0.0978 0.0820
2045 0.0985 0.0827
2046 0.0993 0.0835
2047 0.0997 0.0840
2048 0.1004 0.0848
2049 0.1008 0.0852
2050 0.1015 0.0860
2051 0.1022 0.0867
2052 0.1026 0.0872
2053 0.1032 0.0879
2054 0.1039 0.0887
2055 0.1043 0.0892
2056 0.1051 0.0900
2057 0.1055 0.0905
2058 0.1063 0.0913
2059 0.1070 0.0921
2060 0.1075 0.0927
2061 0.1083 0.0936
2062 0.1090 0.0944
2063 0.1096 0.0950
2064 0.1103 0.0958
2065 0.1112 0.0968
2066 0.1116 0.0973
2067 0.1124 0.0981
2068 0.1132 0.0990
2069 0.1137 0.0996
2070 0.1145 0.1004
2071 0.1153 0.1013
2072 0.1157 0.1018
2073 0.1165 0.1027
2074 0.1173 0.1036
2075 0.1178 0.1042
2076 0.1185 0.1049
2077 0.1193 0.1058
2078 0.1198 0.1064
2079 0.1205 0.1072
2080 0.1212 0.1080
2081 0.1216 0.1085
2082 0.1224 0.1094
2083 0.1231 0.1102
2084 0.1235 0.1107
2085 0.1242 0.1114
2086 0.1250 0.1123
2087 0.1257 0.1130
2088 0.1261 0.1136
2089 0.1268 0.1144
2090 0.1275 0.1151
2091 0.1280 0.1157
2092 0.1285 0.1163
2093 0.1293 0.1173
2094 0.1299 0.1180
2095 0.1304 0.1185
2096 0.1310 0.1191
2097 0.1317 0.1199
2098 0.1321 0.1205
2099 0.1328 0.1212
2100 0.1334 0.1219
2101 0.1341 0.1227
2102 0.1345 0.1231
2103 0.1352 0.1240
2104 0.1358 0.1247
2105 0.1365 0.1254
2106 0.1369 0.1259
2107 0.1375 0.1266
2108 0.1381 0.1273
2109 0.1386 0.1280
2110 0.1390 0.1284
2111 0.1396 0.1291
2112 0.1401 0.1297
2113 0.1408 0.1305
2114 0.1411 0.1308
2115 0.1416 0.1314
2116 0.1421 0.1321
2117 0.1427 0.1328
2118 0.1431 0.1332
2119 0.1437 0.1339
2120 0.1443 0.1346
2121 0.1449 0.1353
2122 0.1454 0.1359
2123 0.1458 0.1364
2124 0.1464 0.1371
2125 0.1469 0.1377
2126 0.1474 0.1382
2127 0.1477 0.1387
2128 0.1482 0.1392
2129 0.1487 0.1398
2130 0.1492 0.1404
2131 0.1497 0.1410
2132 0.1499 0.1413
2133 0.1504 0.1420
2134 0.1508 0.1424
2135 0.1512 0.1429
2136 0.1516 0.1434
2137 0.1519 0.1437
2138 0.1522 0.1442
2139 0.1525 0.1446
2140 0.1528 0.1450
2141 0.1533 0.1455
2142 0.1536 0.1459
2143 0.1538 0.1462
2144 0.1541 0.1466
2145 0.1545 0.1471
2146 0.1549 0.1476
2147 0.1553 0.1480
2148 0.1555 0.1483
2149 0.1557 0.1487
2150 0.1562 0.1492
2151 0.1566 0.1497
2152 0.1569 0.1500
2153 0.1572 0.1505
2154 0.1574 0.1508
2155 0.1577 0.1512
2156 0.1582 0.1517
2157 0.1584 0.1520
2158 0.1587 0.1524
2159 0.1590 0.1528
2160 0.1593 0.1532
2161 0.1594 0.1534
2162 0.1597 0.1538
2163 0.1600 0.1542
2164 0.1603 0.1546
2165 0.1606 0.1549
2166 0.1609 0.1553
2167 0.1612 0.1557
2168 0.1614 0.1561
2169 0.1616 0.1563
2170 0.1619 0.1567
2171 0.1622 0.1571
2172 0.1624 0.1574
2173 0.1627 0.1578
2174 0.1630 0.1583
2175 0.1633 0.1586
2176 0.1636 0.1590
2177 0.1639 0.1594
2178 0.1642 0.1598
2179 0.1646 0.1604
2180 0.1650 0.1608
2181 0.1653 0.1612
2182 0.1657 0.1617
2183 0.1660 0.1621
2184 0.1663 0.1625
2185 0.1668 0.1630
2186 0.1671 0.1634
2187 0.1674 0.1638
2188 0.1677 0.1643
2189 0.1680 0.1647
2190 0.1682 0.1650
2191 0.1686 0.1654
2192 0.1688 0.1658
2193 0.1691 0.1661
2194 0.1691 0.1663
2195 0.1693 0.1665
2196 0.1695 0.1668
2197 0.1697 0.1671
2198 0.1699 0.1674
2199 0.1699 0.1675
2200 0.1701 0.1678
2201 0.1703 0.1681
2202 0.1705 0.1683
2203 0.1706 0.1686
2204 0.1707 0.1687
2205 0.1709 0.1690
2206 0.1710 0.1691
2207 0.1711 0.1694
2208 0.1713 0.1697
2209 0.1715 0.1700
2210 0.1717 0.1703
2211 0.1719 0.1706
2212 0.1720 0.1707
2213 0.1721 0.1710
2214 0.1721 0.1711
2215 0.1722 0.1712
2216 0.1722 0.1712
2217 0.1721 0.1713
2218 0.1721 0.1713
2219 0.1720 0.1714
2220 0.1721 0.1715
2221 0.1721 0.1716
2222 0.1721 0.1716
2223 0.1719 0.1715
2224 0.1718 0.1715
2225 0.1716 0.1714
2226 0.1714 0.1712
2227 0.1711 0.1709
2228 0.1708 0.1708
2229 0.1705 0.1705
2230 0.1701 0.1701
2231 0.1698 0.1698
2232 0.1694 0.1694
2233 0.1688 0.1690
2234 0.1685 0.1687
2235 0.1679 0.1681
2236 0.1674 0.1676
2237 0.1667 0.1669
2238 0.1661 0.1664
2239 0.1654 0.1657
2240 0.1647 0.1650
2241 0.1639 0.1642
2242 0.1632 0.1635
2243 0.1623 0.1626
2244 0.1614 0.1618
2245 0.1606 0.1609
2246 0.1597 0.1600
2247 0.1588 0.1591
2248 0.1580 0.1583
2249 0.1571 0.1574
2250 0.1562 0.1565
2251 0.1554 0.1556
2252 0.1546 0.1548
2253 0.1535 0.1537
2254 0.1527 0.1528
2255 0.1517 0.1518
2256 0.1509 0.1510
2257 0.1500 0.1501
2258 0.1492 0.1494
2259 0.1484 0.1485
2260 0.1476 0.1477
2261 0.1466 0.1467
2262 0.1459 0.1459
2263 0.1451 0.1451
2264 0.1442 0.1442
2265 0.1434 0.1434
2266 0.1427 0.1426
2267 0.1419 0.1418
2268 0.1411 0.1410
2269 0.1403 0.1402
2270 0.1396 0.1394
2271 0.1389 0.1388
2272 0.1383 0.1382
2273 0.1377 0.1376
2274 0.1368 0.1367
2275 0.1362 0.1361
2276 0.1355 0.1354
2277 0.1350 0.1348
2278 0.1344 0.1342
2279 0.1338 0.1336
2280 0.1333 0.1331
2281 0.1327 0.1325
2282 0.1320 0.1318
2283 0.1315 0.1313
2284 0.1308 0.1305
2285 0.1301 0.1299
2286 0.1295 0.1292
2287 0.1286 0.1283
2288 0.1279 0.1276
2289 0.1272 0.1269
2290 0.1265 0.1261
2291 0.1259 0.1255
2292 0.1252 0.1248
2293 0.1247 0.1243
2294 0.1241 0.1236
2295 0.1235 0.1230
2296 0.1229 0.1224
2297 0.1223 0.1218
2298 0.1215 0.1209
2299 0.1210 0.1204
2300 0.1204 0.1198
2301 0.1198 0.1192
2302 0.1192 0.1185
2303 0.1187 0.1181
2304 0.1182 0.1176
2305 0.1178 0.1172
2306 0.1169 0.1163
2307 0.1166 0.1159
2308 0.1162 0.1155
2309 0.1158 0.1151
2310 0.1154 0.1147
2311 0.1152 0.1145
2312 0.1147 0.1141
2313 0.1145 0.1139
2314 0.1138 0.1131
2315 0.1137 0.1130
2316 0.1133 0.1127
2317 0.1130 0.1124
2318 0.1127 0.1120
2319 0.1124 0.1118
2320 0.1120 0.1114
2321 0.1117 0.1112
2322 0.1110 0.1103
2323 0.1107 0.1101
2324 0.1103 0.1096
2325 0.1099 0.1092
2326 0.1095 0.1088
2327 0.1092 0.1085
2328 0.1083 0.1075
2329 0.1079 0.1071
2330 0.1075 0.1066
2331 0.1070 0.1061
2332 0.1065 0.1056
2333 0.1060 0.1050
2334 0.1055 0.1045
2335 0.1046 0.1036
2336 0.1041 0.1031
2337 0.1037 0.1025
2338 0.1032 0.1020
2339 0.1027 0.1015
2340 0.1018 0.1005
2341 0.1014 0.1001
2342 0.1009 0.0995
2343 0.1005 0.0991
2344 0.1000 0.0985
2345 0.0996 0.0981
2346 0.0988 0.0973
2347 0.0985 0.0969
2348 0.0981 0.0965
2349 0.0977 0.0962
2350 0.0974 0.0958
2351 0.0966 0.0950
2352 0.0964 0.0947
2353 0.0960 0.0944
2354 0.0956 0.0939
2355 0.0952 0.0935
2356 0.0950 0.0933
2357 0.0942 0.0924
2358 0.0939 0.0921
2359 0.0937 0.0919
2360 0.0933 0.0915
2361 0.0930 0.0912
2362 0.0921 0.0902
2363 0.0919 0.0900
2364 0.0916 0.0897
2365 0.0913 0.0894
2366 0.0905 0.0885
2367 0.0902 0.0882
2368 0.0897 0.0877
2369 0.0893 0.0873
2370 0.0890 0.0869
2371 0.0882 0.0860
2372 0.0878 0.0857
2373 0.0874 0.0852
2374 0.0871 0.0849
2375 0.0863 0.0839
2376 0.0861 0.0838
2377 0.0856 0.0833
2378 0.0851 0.0827
2379 0.0849 0.0825
2380 0.0841 0.0816
2381 0.0837 0.0812
2382 0.0832 0.0807
2383 0.0829 0.0803
2384 0.0821 0.0794
2385 0.0817 0.0789
2386 0.0813 0.0785
2387 0.0810 0.0782
2388 0.0802 0.0773
2389 0.0798 0.0768
2390 0.0793 0.0764
2391 0.0789 0.0759
2392 0.0781 0.0750
2393 0.0777 0.0745
2394 0.0773 0.0741
2395 0.0769 0.0737
2396 0.0762 0.0728
2397 0.0759 0.0724
2398 0.0754 0.0720
2399 0.0751 0.0716
2400 0.0743 0.0707
2401 0.0740 0.0703
2402 0.0735 0.0698
2403 0.0732 0.0694
2404 0.0723 0.0684
2405 0.0719 0.0680
2406 0.0715 0.0676
2407 0.0708 0.0667
2408 0.0704 0.0662
2409 0.0700 0.0658
2410 0.0696 0.0654
2411 0.0689 0.0646
2412 0.0685 0.0640
2413 0.0680 0.0635
2414 0.0672 0.0626
2415 0.0668 0.0621
2416 0.0663 0.0616
2417 0.0659 0.0611
2418 0.0651 0.0602
2419 0.0647 0.0597
2420 0.0642 0.0591
2421 0.0634 0.0582
2422 0.0630 0.0577
2423 0.0625 0.0572
2424 0.0621 0.0567
2425 0.0612 0.0557
2426 0.0609 0.0553
2427 0.0604 0.0547
2428 0.0597 0.0538
2429 0.0592 0.0533
2430 0.0587 0.0528
2431 0.0580 0.0519
2432 0.0575 0.0514
2433 0.0571 0.0509
2434 0.0567 0.0504
2435 0.0559 0.0495
2436 0.0555 0.0490
2437 0.0551 0.0485
2438 0.0543 0.0476
2439 0.0539 0.0471
2440 0.0535 0.0467
2441 0.0528 0.0458
2442 0.0524 0.0454
2443 0.0520 0.0449
2444 0.0512 0.0440
2445 0.0508 0.0434
2446 0.0504 0.0429
2447 0.0497 0.0421
2448 0.0492 0.0416
2449 0.0488 0.0411
2450 0.0481 0.0403
2451 0.0477 0.0398
2452 0.0474 0.0394
2453 0.0466 0.0385
2454 0.0462 0.0381
2455 0.0459 0.0376
2456 0.0452 0.0368
2457 0.0449 0.0364
2458 0.0445 0.0360
2459 0.0439 0.0352
2460 0.0435 0.0348
2461 0.0432 0.0344
2462 0.0426 0.0336
2463 0.0423 0.0333
2464 0.0420 0.0330
2465 0.0415 0.0323
2466 0.0411 0.0319
2467 0.0406 0.0312
2468 0.0403 0.0309
2469 0.0400 0.0306
2470 0.0395 0.0299
2471 0.0393 0.0296
2472 0.0390 0.0293
2473 0.0385 0.0287
2474 0.0382 0.0284
2475 0.0380 0.0281
2476 0.0376 0.0276
2477 0.0374 0.0274
2478 0.0370 0.0269
2479 0.0368 0.0265
2480 0.0366 0.0263
2481 0.0362 0.0259
2482 0.0361 0.0257
2483 0.0360 0.0256
2484 0.0357 0.0251
2485 0.0354 0.0248
2486 0.0348 0.0241
2487 0.0348 0.0240
2488 0.0346 0.0237
2489 0.0341 0.0231
2490 0.0340 0.0230
2491 0.0338 0.0228
2492 0.0336 0.0224
2493 0.0334 0.0222
2494 0.0332 0.0219
2495 0.0332 0.0218
2496 0.0331 0.0218
2497 0.0329 0.0215
2498 0.0329 0.0214
2499 0.0327 0.0211
2500 0.0327 0.0210
